10
-11 -35 -16 3 -2 12 34 -16 -61 10 49 11 -50 7 -12 -21 31 8 51 -27 
-63 57 18 11 75 6 -3 45 -28 -45 5 -70 -11 32 14 -88 73 46 7 -11 
-69 32 -61 -52 1 5 64 15 9 0 -8 -16 -9 -13 34 19 -20 11 -97 -2 
-43 11 28 61 -20 1 -19 -1 -43 -5 84 5 3 2 -39 -57 -2 51 -18 9 
-80 13 -3 -6 15 52 -63 -27 -46 27 -33 -75 -60 58 -37 -4 -68 17 10 14 
-54 -57 59 -60 -7 52 6 -37 33 -12 -58 31 -1 -20 -58 33 52 -19 83 -29 
-9 -29 -71 -1 -11 -5 -7 21 -31 52 -14 -7 14 44 19 75 -38 -23 33 13 
17 5 21 14 -59 15 -36 33 -15 -7 -34 1 -15 15 -13 -13 -73 -56 -21 -75 
-6 66 15 -35 -82 5 14 -49 42 -1 -22 -89 34 -12 -30 -13 8 43 18 -50 
-20 1 -40 -18 38 42 55 39 -6 -23 -69 -75 -13 -33 24 -49 10 -70 -10 -26 
-31 92 -2 -34 -2 46 -74 -32 -64 76 61 10 -11 9 -74 -42 42 -47 -8 -25 
-60 12 6 35 -20 30 7 -33 -11 -17 82 -8 -47 31 59 -73 15 31 -39 -48 
-29 55 27 47 -80 -18 -33 55 17 13 -76 63 -27 28 3 -24 33 77 -51 16 
-46 -7 12 16 -31 2 -12 -32 -22 76 -26 9 18 60 19 -5 -36 -61 -16 60 
-30 10 7 -43 29 23 -55 16 51 -22 -65 60 -2 -22 -89 -1 -82 23 66 -30 
50 -3 -35 73 62 3 -66 9 -85 -9 12 80 63 -71 -67 24 11 -13 -28 -3 
55 -35 -22 23 41 16 -18 71 -25 -46 2 -5 -5 10 0 -13 77 -60 78 49 
6 69 16 8 6 -42 -69 -58 12 -51 7 19 -6 92 -8 -83 -35 66 -3 42 
-31 89 -71 64 0 20 -25 14 61 21 29 -54 -11 16 23 22 55 32 -8 -3 
-50 -14 14 -17 8 39 22 20 31 -6 8 -1 -41 -49 -49 -28 12 -48 72 46 
