7
-28 64 -36 34 0 -23 0 -36 -12 22 42 -31 -14 29 
-7 23 -63 48 56 -60 -62 -36 -20 29 -52 -3 -32 48 
-2 -22 -8 25 -19 -76 -42 -55 44 55 -46 50 -5 6 
53 -27 49 -18 -14 24 -36 7 60 7 28 12 4 -16 
12 -24 -10 4 -60 47 63 60 -14 11 54 -61 -57 -23 
-13 62 -7 45 -4 -22 -30 56 -28 10 -2 83 35 31 
-27 96 -25 -9 -54 -7 -76 -37 -43 49 -27 -53 -12 10 
30 34 -1 73 -67 -46 -58 -52 -22 -8 -44 -41 42 8 
-37 33 -39 59 -14 48 10 1 65 61 48 6 -5 -20 
-35 48 -3 -50 2 -7 57 -30 9 49 -1 -14 78 -28 
-80 11 -68 -6 -3 -49 -67 1 24 55 -34 13 -29 12 
59 -36 10 -41 -70 -79 -5 65 -43 13 32 -84 -35 89 
-26 63 -39 32 23 74 38 25 -46 -49 37 -79 -38 43 
-62 -41 -60 -1 -36 34 82 34 -16 -1 9 31 13 73 
