8
-36 -2 -12 59 -71 0 20 5 -43 35 -16 8 4 21 -45 -7 
-47 26 -9 19 -60 55 67 32 -30 -36 5 -51 -19 30 -45 52 
34 34 -35 -43 -15 57 2 52 4 -7 56 -80 -48 -9 -7 0 
-48 46 -45 5 33 61 4 -42 8 -61 59 -78 -45 73 67 -28 
27 -3 -51 -2 2 55 9 -26 -1 2 20 -81 -87 -15 -54 -42 
-2 -9 30 21 68 -40 -64 -31 31 -65 -33 -28 -17 43 38 -63 
18 37 -53 -8 -46 -10 21 19 67 -40 6 -74 -30 50 16 -43 
-38 66 13 -27 46 4 -35 92 -13 81 92 -33 22 -40 -25 22 
-37 -20 9 -70 -23 -24 55 50 -31 74 1 14 -7 -17 -3 11 
48 21 -46 -36 53 -10 6 -37 -9 36 81 16 -63 17 43 54 
-8 -35 -79 -12 15 12 -31 -18 21 -36 -3 10 -22 -23 -37 -76 
3 15 -34 -10 20 4 53 -28 -31 -2 53 80 -4 7 -22 1 
-8 18 51 6 31 -9 4 -24 -39 60 56 12 -46 13 -53 22 
62 37 -22 57 38 -74 17 -40 -25 65 -70 71 -3 47 -10 46 
-13 -52 -3 39 25 -24 -40 -64 1 -29 -48 42 70 -21 -39 -53 
-24 -50 0 -33 -34 -39 -16 14 -21 -13 -77 51 20 41 47 21 
