9
6 4 -7 -1 -28 16 43 54 22 18 16 10 -22 41 -27 2 -8 91 
-48 65 -42 7 28 -27 82 22 4 -10 75 -33 68 -12 12 -80 -12 -7 
40 10 37 -75 46 42 -9 31 22 65 3 62 26 24 -52 11 57 17 
36 57 40 -62 -72 26 40 17 -49 -59 -24 29 53 0 39 -12 -10 10 
30 52 -22 -52 -27 20 -53 50 -24 89 14 0 21 23 24 -2 1 37 
48 -9 30 12 31 25 19 66 -42 29 4 -59 -30 2 10 93 34 2 
-50 27 73 60 -41 -39 8 -7 -8 65 18 -8 50 -15 -27 -26 53 -37 
5 -9 0 -25 61 74 21 -52 7 -14 -24 28 36 2 -44 19 57 22 
-72 27 -78 -29 -59 -63 -3 -6 9 3 49 -14 21 -36 24 15 0 -65 
42 -2 19 27 73 -35 -3 -24 -29 66 69 62 70 15 55 -21 -2 17 
-21 34 -70 18 -12 52 36 -3 15 61 -14 -29 -47 -6 63 -10 22 32 
33 -71 -76 -45 52 29 -30 46 8 33 -15 22 28 -21 -26 84 -68 -6 
-7 29 -90 -15 6 15 15 8 -14 5 -19 2 -16 -20 18 -29 -40 8 
14 36 69 33 88 27 53 18 -24 51 1 -63 -50 -4 -50 -67 19 62 
11 -61 -59 -36 47 -37 5 -49 34 59 -16 46 -46 27 -61 -33 -28 43 
38 -62 33 16 6 13 -26 28 -40 -5 17 -34 -3 -12 13 -35 -80 20 
56 -92 62 -22 5 -70 34 59 34 49 -61 -39 -57 47 -30 23 31 -49 
4 58 38 -52 -24 57 28 -20 -11 -51 -25 42 17 -61 5 21 59 -47 
