997 997 917
2 1
3 2
4 3
5 3
6 3
7 2
8 6
9 4
10 9
11 2
12 2
13 11
14 12
15 9
16 10
17 9
18 13
19 12
20 14
21 2
22 21
23 22
24 14
25 16
26 9
27 10
28 18
29 27
30 29
31 13
32 29
33 32
34 22
35 21
36 6
37 23
38 36
39 29
40 18
41 7
42 40
43 19
44 7
45 31
46 25
47 45
48 5
49 22
50 18
51 26
52 49
53 43
54 16
55 13
56 11
57 11
58 34
59 8
60 51
61 22
62 58
63 35
64 30
65 35
66 1
67 61
68 23
69 21
70 8
71 53
72 55
73 69
74 10
75 37
76 15
77 9
78 33
79 69
80 39
81 24
82 39
83 46
84 10
85 63
86 33
87 38
88 62
89 78
90 81
91 23
92 31
93 39
94 54
95 22
96 6
97 86
98 10
99 80
100 11
101 94
102 12
103 60
104 17
105 58
106 22
107 39
108 56
109 44
110 55
111 84
112 76
113 97
114 98
115 113
116 82
117 25
118 105
119 67
120 110
121 4
122 82
123 58
124 53
125 56
126 107
127 90
128 23
129 40
130 114
131 13
132 20
133 107
134 97
135 60
136 16
137 75
138 104
139 13
140 101
141 72
142 7
143 10
144 46
145 110
146 38
147 90
148 109
149 99
150 116
151 129
152 27
153 39
154 12
155 131
156 52
157 68
158 3
159 152
160 74
161 12
162 133
163 124
164 119
165 56
166 47
167 166
168 159
169 38
170 118
171 60
172 164
173 85
174 155
175 26
176 99
177 90
178 84
179 127
180 15
181 58
182 47
183 53
184 172
185 60
186 67
187 53
188 145
189 132
190 14
191 3
192 145
193 90
194 171
195 27
196 182
197 27
198 165
199 74
200 127
201 65
202 173
203 115
204 126
205 104
206 107
207 27
208 64
209 122
210 201
211 197
212 204
213 195
214 31
215 101
216 33
217 63
218 182
219 159
220 85
221 20
222 107
223 207
224 9
225 127
226 107
227 73
228 156
229 216
230 142
231 99
232 171
233 71
234 191
235 13
236 122
237 168
238 118
239 169
240 102
241 215
242 78
243 80
244 150
245 208
246 49
247 21
248 125
249 145
250 182
251 48
252 117
253 79
254 196
255 159
256 214
257 235
258 102
259 27
260 162
261 224
262 101
263 172
264 59
265 10
266 76
267 220
268 47
269 167
270 89
271 26
272 201
273 51
274 247
275 199
276 203
277 62
278 60
279 107
280 141
281 105
282 44
283 58
284 257
285 161
286 253
287 270
288 58
289 23
290 63
291 36
292 165
293 142
294 252
295 133
296 96
297 287
298 116
299 94
300 233
301 140
302 154
303 211
304 38
305 50
306 175
307 18
308 50
309 136
310 68
311 189
312 247
313 299
314 250
315 95
316 98
317 298
318 30
319 198
320 112
321 230
322 98
323 209
324 210
325 122
326 103
327 309
328 53
329 62
330 59
331 65
332 220
333 114
334 88
335 282
336 282
337 326
338 88
339 270
340 146
341 109
342 267
343 85
344 41
345 90
346 277
347 109
348 93
349 275
350 96
351 274
352 167
353 81
354 70
355 317
356 159
357 140
358 120
359 144
360 314
361 321
362 90
363 348
364 226
365 235
366 113
367 310
368 153
369 245
370 110
371 194
372 297
373 361
374 181
375 157
376 273
377 10
378 189
379 237
380 261
381 24
382 74
383 107
384 100
385 235
386 80
387 97
388 324
389 135
390 15
391 21
392 287
393 315
394 163
395 321
396 337
397 246
398 67
399 350
400 269
401 274
402 327
403 150
404 190
405 260
406 305
407 333
408 289
409 67
410 352
411 376
412 344
413 393
414 363
415 140
416 274
417 243
418 254
419 235
420 237
421 269
422 126
423 323
424 82
425 25
426 222
427 203
428 12
429 283
430 274
431 47
432 57
433 274
434 371
435 317
436 233
437 199
438 168
439 91
440 407
441 90
442 261
443 300
444 354
445 123
446 29
447 120
448 366
449 41
450 434
451 335
452 101
453 92
454 336
455 150
456 434
457 178
458 380
459 381
460 258
461 72
462 171
463 419
464 199
465 216
466 111
467 375
468 222
469 209
470 13
471 27
472 190
473 177
474 465
475 284
476 178
477 126
478 106
479 474
480 186
481 433
482 18
483 184
484 301
485 189
486 387
487 310
488 158
489 426
490 89
491 203
492 89
493 14
494 150
495 30
496 55
497 247
498 295
499 456
500 18
501 237
502 35
503 123
504 433
505 205
506 28
507 220
508 190
509 192
510 498
511 472
512 87
513 373
514 270
515 456
516 137
517 88
518 250
519 331
520 447
521 149
522 89
523 3
524 28
525 291
526 303
527 207
528 391
529 75
530 34
531 348
532 221
533 37
534 183
535 201
536 467
537 466
538 409
539 393
540 98
541 168
542 218
543 178
544 351
545 434
546 106
547 300
548 2
549 131
550 418
551 213
552 61
553 231
554 256
555 549
556 252
557 514
558 389
559 19
560 25
561 281
562 290
563 450
564 61
565 492
566 297
567 249
568 495
569 367
570 424
571 251
572 224
573 198
574 36
575 139
576 16
577 358
578 288
579 84
580 67
581 183
582 127
583 469
584 90
585 292
586 505
587 304
588 439
589 131
590 384
591 277
592 22
593 160
594 334
595 86
596 118
597 148
598 91
599 201
600 213
601 371
602 18
603 25
604 229
605 267
606 202
607 572
608 250
609 291
610 380
611 510
612 599
613 385
614 554
615 138
616 339
617 114
618 358
619 48
620 344
621 445
622 425
623 426
624 4
625 601
626 513
627 29
628 486
629 590
630 177
631 487
632 419
633 164
634 112
635 523
636 407
637 63
638 10
639 440
640 356
641 22
642 61
643 73
644 414
645 137
646 559
647 459
648 87
649 474
650 374
651 570
652 296
653 412
654 550
655 410
656 581
657 151
658 283
659 169
660 193
661 490
662 289
663 403
664 378
665 291
666 126
667 99
668 50
669 20
670 421
671 201
672 453
673 128
674 274
675 372
676 315
677 381
678 26
679 137
680 286
681 337
682 89
683 280
684 314
685 534
686 533
687 420
688 415
689 667
690 134
691 645
692 253
693 597
694 235
695 553
696 317
697 303
698 332
699 666
700 442
701 343
702 19
703 151
704 355
705 612
706 674
707 52
708 624
709 176
710 359
711 569
712 110
713 361
714 546
715 628
716 425
717 182
718 540
719 290
720 62
721 418
722 103
723 409
724 644
725 612
726 427
727 180
728 394
729 646
730 562
731 223
732 621
733 564
734 51
735 35
736 255
737 651
738 737
739 191
740 400
741 139
742 628
743 47
744 34
745 719
746 474
747 703
748 525
749 311
750 610
751 530
752 188
753 322
754 357
755 276
756 491
757 222
758 549
759 598
760 428
761 216
762 431
763 655
764 333
765 381
766 602
767 463
768 106
769 623
770 444
771 338
772 458
773 264
774 41
775 134
776 720
777 229
778 524
779 123
780 244
781 737
782 100
783 75
784 18
785 102
786 751
787 396
788 721
789 449
790 293
791 5
792 220
793 570
794 716
795 62
796 136
797 125
798 108
799 689
800 584
801 562
802 498
803 500
804 146
805 177
806 733
807 249
808 13
809 616
810 632
811 442
812 2
813 246
814 513
815 665
816 743
817 415
818 806
819 509
820 350
821 420
822 85
823 242
824 409
825 675
826 50
827 625
828 445
829 168
830 789
831 283
832 537
833 387
834 817
835 150
836 118
837 828
838 650
839 739
840 835
841 303
842 341
843 549
844 813
845 664
846 164
847 49
848 330
849 455
850 155
851 378
852 10
853 203
854 55
855 423
856 786
857 423
858 681
859 38
860 50
861 702
862 404
863 143
864 226
865 546
866 650
867 824
868 408
869 139
870 433
871 312
872 348
873 741
874 350
875 77
876 738
877 377
878 467
879 39
880 233
881 358
882 828
883 83
884 285
885 754
886 586
887 304
888 301
889 79
890 638
891 44
892 853
893 463
894 568
895 576
896 310
897 614
898 457
899 633
900 450
901 504
902 592
903 667
904 493
905 232
906 818
907 400
908 626
909 755
910 823
911 643
912 499
913 450
914 444
915 498
916 303
917 335
918 701
919 906
920 580
921 245
922 136
923 137
924 196
925 455
926 728
927 571
928 684
929 63
930 626
931 836
932 294
933 434
934 503
935 894
936 567
937 413
938 887
939 218
940 329
941 644
942 552
943 791
944 482
945 913
946 808
947 430
948 812
949 874
950 371
951 293
952 209
953 652
954 355
955 645
956 200
957 241
958 12
959 929
960 849
961 438
962 791
963 188
964 419
965 10
966 100
967 458
968 958
969 937
970 29
971 194
972 267
973 719
974 849
975 297
976 562
977 848
978 382
979 299
980 433
981 969
982 101
983 530
984 745
985 674
986 495
987 324
988 337
989 921
990 271
991 365
992 222
993 66
994 885
995 754
996 625
997 496
389 4
