666 911 963
2 1
3 2
4 1
5 1
6 1
7 2
8 2
9 6
10 2
11 8
12 6
13 11
14 6
15 9
16 7
17 1
18 4
19 18
20 9
21 15
22 9
23 8
24 2
25 20
26 20
27 18
28 23
29 18
30 12
31 10
32 16
33 19
34 27
35 12
36 3
37 17
38 16
39 2
40 22
41 3
42 16
43 24
44 41
45 38
46 23
47 22
48 21
49 30
50 27
51 48
52 17
53 44
54 11
55 9
56 29
57 39
58 19
59 58
60 42
61 36
62 14
63 18
64 37
65 45
66 13
67 52
68 19
69 35
70 40
71 13
72 48
73 51
74 36
75 31
76 1
77 70
78 61
79 74
80 37
81 7
82 76
83 67
84 60
85 28
86 25
87 50
88 67
89 61
90 68
91 30
92 68
93 4
94 68
95 27
96 30
97 34
98 54
99 58
100 81
101 40
102 73
103 68
104 45
105 40
106 81
107 49
108 12
109 49
110 83
111 98
112 23
113 112
114 67
115 48
116 101
117 50
118 32
119 37
120 51
121 39
122 64
123 97
124 46
125 42
126 115
127 3
128 40
129 50
130 55
131 29
132 6
133 130
134 126
135 133
136 104
137 121
138 16
139 44
140 38
141 45
142 2
143 88
144 27
145 111
146 143
147 83
148 123
149 135
150 50
151 24
152 41
153 64
154 26
155 129
156 40
157 138
158 100
159 72
160 65
161 65
162 88
163 142
164 101
165 19
166 6
167 156
168 43
169 114
170 84
171 117
172 8
173 123
174 70
175 99
176 170
177 112
178 150
179 58
180 64
181 12
182 170
183 68
184 136
185 106
186 21
187 89
188 134
189 157
190 119
191 36
192 181
193 59
194 72
195 161
196 81
197 153
198 50
199 33
200 98
201 85
202 110
203 51
204 195
205 24
206 188
207 123
208 176
209 197
210 129
211 121
212 175
213 105
214 189
215 4
216 155
217 121
218 46
219 217
220 134
221 195
222 204
223 13
224 53
225 200
226 5
227 64
228 54
229 79
230 99
231 49
232 100
233 111
234 127
235 48
236 169
237 112
238 126
239 166
240 193
241 148
242 92
243 127
244 120
245 199
246 158
247 139
248 6
249 136
250 48
251 6
252 213
253 11
254 146
255 167
256 51
257 239
258 3
259 206
260 212
261 52
262 205
263 46
264 180
265 218
266 125
267 205
268 112
269 114
270 222
271 225
272 236
273 106
274 113
275 86
276 244
277 197
278 110
279 7
280 188
281 81
282 33
283 67
284 29
285 255
286 234
287 172
288 269
289 281
290 93
291 250
292 181
293 103
294 58
295 184
296 239
297 62
298 39
299 157
300 125
301 266
302 4
303 168
304 206
305 211
306 1
307 96
308 227
309 191
310 11
311 56
312 23
313 165
314 143
315 29
316 303
317 168
318 57
319 39
320 275
321 238
322 166
323 244
324 83
325 32
326 146
327 146
328 185
329 130
330 148
331 22
332 214
333 307
334 30
335 54
336 282
337 317
338 65
339 227
340 31
341 76
342 322
343 168
344 206
345 49
346 269
347 56
348 103
349 222
350 153
351 343
352 206
353 349
354 328
355 111
356 266
357 159
358 155
359 234
360 186
361 334
362 187
363 36
364 50
365 89
366 257
367 290
368 337
369 314
370 168
371 172
372 28
373 324
374 246
375 76
376 175
377 185
378 126
379 112
380 67
381 245
382 270
383 286
384 40
385 186
386 103
387 94
388 325
389 196
390 377
391 358
392 338
393 318
394 349
395 122
396 316
397 235
398 363
399 95
400 71
401 384
402 245
403 192
404 84
405 318
406 325
407 230
408 397
409 188
410 401
411 88
412 303
413 112
414 207
415 69
416 182
417 155
418 149
419 156
420 384
421 319
422 319
423 276
424 79
425 109
426 77
427 362
428 246
429 253
430 136
431 332
432 148
433 93
434 163
435 155
436 2
437 298
438 366
439 387
440 375
441 204
442 97
443 165
444 386
445 361
446 38
447 420
448 447
449 10
450 6
451 9
452 84
453 36
454 146
455 447
456 424
457 81
458 142
459 106
460 417
461 129
462 392
463 107
464 418
465 310
466 285
467 257
468 233
469 40
470 210
471 371
472 335
473 441
474 164
475 328
476 200
477 130
478 29
479 321
480 170
481 93
482 168
483 435
484 118
485 179
486 342
487 349
488 230
489 12
490 332
491 192
492 335
493 466
494 142
495 328
496 365
497 233
498 27
499 224
500 91
501 87
502 350
503 54
504 224
505 86
506 28
507 504
508 217
509 411
510 44
511 39
512 329
513 190
514 513
515 257
516 356
517 279
518 352
519 493
520 503
521 253
522 329
523 234
524 87
525 268
526 432
527 486
528 479
529 453
530 518
531 15
532 69
533 498
534 143
535 407
536 119
537 381
538 349
539 382
540 111
541 388
542 375
543 90
544 368
545 195
546 245
547 302
548 311
549 427
550 40
551 336
552 494
553 482
554 264
555 197
556 12
557 141
558 145
559 409
560 253
561 515
562 553
563 113
564 555
565 455
566 525
567 89
568 68
569 520
570 469
571 197
572 10
573 112
574 204
575 324
576 188
577 175
578 531
579 144
580 466
581 446
582 54
583 314
584 571
585 214
586 124
587 439
588 322
589 76
590 545
591 554
592 353
593 149
594 342
595 545
596 473
597 477
598 395
599 489
600 93
601 353
602 233
603 77
604 70
605 477
606 421
607 178
608 205
609 429
610 344
611 60
612 572
613 366
614 99
615 364
616 484
617 54
618 232
619 26
620 313
621 241
622 187
623 4
624 212
625 26
626 106
627 27
628 94
629 621
630 338
631 533
632 419
633 239
634 24
635 183
636 50
637 159
638 295
639 237
640 577
641 291
642 452
643 507
644 467
645 341
646 297
647 163
648 561
649 514
650 191
651 1
652 182
653 549
654 579
655 85
656 307
657 269
658 571
659 176
660 616
661 259
662 533
663 426
664 123
665 110
666 653
335 87
322 616
603 601
369 302
24 492
502 56
242 94
603 530
22 323
324 46
390 453
409 431
433 155
368 629
559 627
355 72
109 470
367 173
207 371
411 65
203 524
184 544
376 565
155 619
142 603
212 300
607 521
508 491
533 530
272 367
602 46
572 15
349 161
334 253
22 246
19 218
149 324
357 584
89 146
283 206
610 88
358 342
573 236
45 430
512 163
466 243
269 235
266 365
502 276
506 71
209 629
147 636
272 400
215 78
179 260
218 256
201 487
194 647
140 602
119 579
345 341
375 436
263 628
631 119
124 409
493 79
490 334
177 504
50 464
266 100
397 96
288 332
107 301
274 77
195 267
137 542
124 663
438 315
403 537
73 431
409 129
626 27
465 5
636 634
483 197
472 134
621 247
266 347
504 543
148 4
125 225
532 272
186 62
150 469
96 345
99 591
625 201
417 299
76 302
501 596
623 158
4 244
650 141
541 363
168 301
526 392
13 537
107 569
308 259
357 615
593 316
350 324
417 20
662 392
343 334
556 491
116 593
99 481
659 645
336 255
516 562
370 382
322 586
365 524
521 180
344 548
369 502
332 562
221 190
607 46
657 299
151 430
171 51
401 382
516 255
268 432
487 449
475 337
330 372
252 338
338 647
327 234
133 155
171 308
303 34
346 244
596 37
207 585
214 381
154 287
630 295
172 433
19 147
575 552
646 81
587 604
1 546
621 479
653 574
220 616
251 405
229 399
430 280
397 566
652 379
370 421
604 159
384 538
139 16
287 520
217 220
175 359
337 451
128 247
568 638
492 358
97 461
97 522
666 274
281 515
279 305
131 451
573 666
170 240
650 16
76 632
220 110
169 662
221 177
519 255
98 554
238 114
595 94
570 300
386 289
249 120
397 35
662 52
277 84
515 71
415 316
9 121
237 234
353 639
195 132
326 374
170 207
541 139
188 22
610 597
311 595
244 560
446 279
606 154
91 510
240 190
461 87
635 514
390 143
651 174
114 85
361 393
351 15
522 4
113 528
6 206
443 148
308 423
475 190
258 374
205 375
354 522
438 126
9 523
84 385
659 106
77 441
454 340
72 608
291 126
600 627
261 31
490 450
416 508
571 254
275 595
