765 991 280
2 1
3 1
4 3
5 1
6 1
7 6
8 6
9 2
10 8
11 2
12 7
13 7
14 12
15 13
16 13
17 8
18 5
19 12
20 7
21 19
22 1
23 11
24 22
25 11
26 6
27 7
28 27
29 24
30 14
31 11
32 13
33 9
34 11
35 23
36 16
37 29
38 31
39 9
40 24
41 5
42 18
43 9
44 26
45 2
46 8
47 13
48 4
49 6
50 44
51 11
52 9
53 7
54 48
55 19
56 53
57 40
58 20
59 29
60 6
61 25
62 54
63 34
64 10
65 48
66 51
67 32
68 34
69 1
70 24
71 55
72 17
73 40
74 55
75 71
76 19
77 33
78 16
79 67
80 36
81 6
82 22
83 37
84 55
85 75
86 78
87 49
88 68
89 20
90 75
91 67
92 21
93 72
94 20
95 69
96 9
97 20
98 83
99 16
100 1
101 65
102 6
103 95
104 89
105 93
106 18
107 8
108 58
109 13
110 36
111 61
112 40
113 88
114 84
115 46
116 7
117 36
118 23
119 82
120 26
121 111
122 62
123 12
124 53
125 37
126 17
127 80
128 6
129 20
130 8
131 36
132 123
133 49
134 129
135 17
136 123
137 77
138 36
139 13
140 22
141 58
142 22
143 74
144 63
145 2
146 20
147 85
148 38
149 59
150 23
151 63
152 25
153 116
154 64
155 138
156 38
157 155
158 14
159 51
160 61
161 68
162 18
163 120
164 79
165 152
166 24
167 6
168 6
169 5
170 167
171 142
172 93
173 125
174 67
175 17
176 42
177 120
178 69
179 162
180 15
181 113
182 52
183 146
184 154
185 61
186 97
187 186
188 28
189 53
190 3
191 149
192 178
193 53
194 166
195 55
196 85
197 172
198 122
199 36
200 100
201 178
202 191
203 26
204 89
205 66
206 158
207 18
208 122
209 83
210 73
211 195
212 135
213 49
214 139
215 127
216 55
217 125
218 81
219 2
220 197
221 124
222 120
223 204
224 17
225 193
226 191
227 165
228 62
229 43
230 99
231 144
232 15
233 58
234 200
235 219
236 136
237 228
238 23
239 143
240 5
241 122
242 174
243 100
244 8
245 35
246 34
247 153
248 242
249 73
250 216
251 195
252 91
253 212
254 106
255 16
256 221
257 119
258 209
259 31
260 126
261 74
262 230
263 184
264 243
265 244
266 74
267 233
268 254
269 12
270 65
271 14
272 158
273 180
274 123
275 140
276 219
277 263
278 260
279 139
280 191
281 161
282 263
283 14
284 195
285 211
286 108
287 139
288 124
289 191
290 162
291 21
292 16
293 108
294 223
295 192
296 146
297 266
298 187
299 104
300 62
301 74
302 239
303 63
304 173
305 114
306 257
307 290
308 216
309 225
310 168
311 242
312 233
313 47
314 198
315 17
316 302
317 53
318 53
319 95
320 107
321 227
322 314
323 298
324 174
325 134
326 281
327 195
328 48
329 64
330 12
331 73
332 200
333 59
334 2
335 121
336 99
337 264
338 264
339 29
340 184
341 122
342 38
343 187
344 339
345 2
346 29
347 5
348 251
349 186
350 131
351 79
352 282
353 246
354 327
355 285
356 214
357 335
358 355
359 149
360 172
361 284
362 309
363 99
364 148
365 345
366 110
367 203
368 18
369 307
370 32
371 12
372 62
373 305
374 177
375 84
376 152
377 55
378 79
379 239
380 62
381 255
382 331
383 52
384 221
385 341
386 206
387 383
388 226
389 153
390 121
391 366
392 11
393 319
394 203
395 52
396 361
397 150
398 17
399 57
400 191
401 274
402 22
403 69
404 297
405 386
406 123
407 331
408 380
409 132
410 125
411 198
412 181
413 255
414 198
415 153
416 313
417 353
418 239
419 206
420 336
421 261
422 130
423 204
424 107
425 279
426 85
427 354
428 364
429 51
430 39
431 225
432 168
433 200
434 168
435 296
436 356
437 431
438 194
439 3
440 96
441 139
442 435
443 418
444 343
445 84
446 266
447 219
448 41
449 116
450 272
451 37
452 66
453 332
454 370
455 419
456 226
457 389
458 238
459 305
460 221
461 197
462 195
463 277
464 420
465 245
466 77
467 321
468 283
469 35
470 40
471 158
472 28
473 377
474 5
475 406
476 339
477 227
478 256
479 144
480 334
481 80
482 379
483 203
484 345
485 77
486 275
487 78
488 158
489 245
490 26
491 489
492 86
493 346
494 330
495 182
496 53
497 371
498 298
499 141
500 8
501 58
502 341
503 357
504 155
505 57
506 402
507 374
508 379
509 155
510 210
511 372
512 366
513 135
514 82
515 13
516 88
517 498
518 347
519 453
520 334
521 96
522 252
523 313
524 519
525 506
526 372
527 492
528 151
529 516
530 266
531 141
532 440
533 213
534 182
535 487
536 263
537 59
538 515
539 436
540 441
541 148
542 77
543 437
544 48
545 46
546 114
547 515
548 105
549 512
550 368
551 239
552 199
553 174
554 67
555 452
556 461
557 12
558 306
559 472
560 374
561 506
562 489
563 232
564 499
565 347
566 423
567 219
568 436
569 175
570 261
571 35
572 557
573 247
574 500
575 48
576 334
577 353
578 327
579 18
580 53
581 517
582 558
583 190
584 397
585 215
586 353
587 111
588 28
589 369
590 321
591 414
592 365
593 30
594 288
595 431
596 478
597 533
598 587
599 94
600 387
601 95
602 477
603 543
604 455
605 537
606 111
607 115
608 343
609 352
610 238
611 407
612 217
613 53
614 547
615 532
616 55
617 590
618 391
619 182
620 389
621 255
622 602
623 246
624 540
625 88
626 173
627 312
628 21
629 601
630 402
631 570
632 1
633 328
634 469
635 133
636 421
637 218
638 553
639 299
640 1
641 614
642 541
643 120
644 8
645 189
646 29
647 23
648 389
649 201
650 219
651 220
652 542
653 54
654 512
655 131
656 375
657 10
658 243
659 327
660 478
661 368
662 372
663 135
664 112
665 607
666 183
667 362
668 490
669 486
670 50
671 221
672 448
673 131
674 398
675 24
676 7
677 15
678 579
679 97
680 464
681 107
682 659
683 673
684 17
685 630
686 509
687 634
688 478
689 536
690 390
691 659
692 84
693 496
694 312
695 460
696 272
697 300
698 591
699 152
700 93
701 546
702 628
703 520
704 639
705 626
706 174
707 593
708 628
709 529
710 334
711 2
712 77
713 590
714 457
715 5
716 466
717 694
718 627
719 715
720 442
721 200
722 375
723 172
724 425
725 353
726 89
727 386
728 138
729 570
730 55
731 392
732 335
733 549
734 530
735 729
736 349
737 7
738 643
739 446
740 132
741 342
742 668
743 376
744 419
745 401
746 406
747 507
748 134
749 689
750 344
751 543
752 323
753 494
754 55
755 7
756 234
757 370
758 670
759 731
760 316
761 363
762 664
763 665
764 45
765 474
516 484
421 324
512 434
117 706
300 420
202 762
443 713
226 155
406 166
501 622
243 81
93 54
311 416
274 405
159 96
576 261
397 512
482 470
269 553
139 724
497 51
503 355
53 258
364 89
364 316
392 290
101 712
539 423
714 212
501 607
91 232
617 240
682 466
277 625
219 270
171 670
30 286
25 145
760 313
658 311
535 10
579 447
152 412
633 724
353 283
403 503
213 498
625 84
490 669
360 549
290 350
583 669
287 77
579 356
61 750
690 578
485 291
722 356
229 318
690 250
239 152
333 301
573 2
731 518
224 383
334 62
721 442
104 551
732 635
203 607
444 123
48 713
757 426
191 74
401 40
95 26
613 390
547 358
152 634
710 85
711 723
748 422
520 130
3 447
591 38
106 181
49 122
505 532
465 88
430 151
328 327
102 63
226 573
284 67
396 228
734 479
764 294
473 440
527 468
291 656
179 491
145 441
20 550
676 84
729 650
764 294
453 721
661 280
742 423
53 521
251 410
393 249
194 44
253 286
592 731
321 735
549 642
641 259
736 607
185 383
470 503
288 578
2 124
480 377
95 54
699 463
209 179
507 175
177 573
218 534
559 574
624 408
161 427
59 563
404 478
7 743
485 570
427 305
609 567
413 39
151 457
553 179
19 462
432 281
589 250
100 356
315 228
658 328
671 46
370 339
28 154
89 213
138 593
609 245
726 115
255 411
592 282
98 20
637 64
231 52
746 9
126 28
380 202
492 716
210 541
382 710
335 455
729 599
567 681
340 97
354 724
315 583
475 466
699 288
218 545
440 279
9 765
478 119
740 343
479 419
474 586
612 336
461 79
120 579
437 341
266 255
680 600
373 612
37 465
410 237
499 592
183 643
356 726
422 87
160 758
189 334
340 473
645 160
478 564
75 115
682 350
230 758
656 566
181 539
288 163
745 46
131 210
190 244
273 372
529 14
746 255
745 362
600 32
426 423
68 521
407 294
639 9
424 216
282 469
293 706
604 684
656 386
45 474
141 738
599 238
640 246
140 294
