940 988 698
2 1
3 2
4 3
5 2
6 2
7 3
8 2
9 1
10 7
11 3
12 11
13 12
14 1
15 5
16 6
17 14
18 2
19 12
20 4
21 9
22 18
23 14
24 4
25 17
26 2
27 3
28 20
29 16
30 9
31 10
32 11
33 27
34 3
35 1
36 29
37 6
38 23
39 26
40 11
41 16
42 21
43 8
44 39
45 8
46 13
47 13
48 35
49 24
50 4
51 9
52 26
53 21
54 21
55 54
56 3
57 9
58 23
59 19
60 18
61 51
62 22
63 21
64 47
65 43
66 18
67 35
68 26
69 68
70 67
71 60
72 24
73 19
74 60
75 67
76 56
77 66
78 11
79 45
80 56
81 52
82 71
83 35
84 40
85 60
86 63
87 58
88 62
89 12
90 50
91 33
92 30
93 51
94 16
95 12
96 31
97 50
98 97
99 80
100 99
101 85
102 45
103 12
104 90
105 99
106 90
107 100
108 98
109 39
110 53
111 96
112 59
113 28
114 14
115 79
116 76
117 57
118 86
119 54
120 85
121 4
122 97
123 70
124 77
125 19
126 72
127 66
128 49
129 19
130 38
131 5
132 7
133 40
134 37
135 43
136 134
137 99
138 32
139 53
140 14
141 95
142 9
143 103
144 105
145 83
146 33
147 52
148 33
149 24
150 25
151 123
152 40
153 146
154 70
155 154
156 75
157 30
158 54
159 91
160 20
161 8
162 100
163 139
164 149
165 105
166 16
167 97
168 51
169 147
170 114
171 83
172 46
173 38
174 155
175 92
176 66
177 149
178 84
179 17
180 90
181 156
182 177
183 39
184 5
185 148
186 103
187 11
188 5
189 156
190 87
191 5
192 101
193 88
194 181
195 19
196 98
197 65
198 137
199 77
200 115
201 28
202 70
203 58
204 81
205 82
206 87
207 71
208 34
209 160
210 103
211 98
212 76
213 22
214 128
215 66
216 38
217 43
218 66
219 87
220 79
221 15
222 83
223 173
224 33
225 87
226 168
227 19
228 127
229 122
230 117
231 183
232 50
233 109
234 39
235 170
236 235
237 173
238 35
239 180
240 225
241 38
242 191
243 115
244 9
245 94
246 190
247 35
248 112
249 43
250 57
251 28
252 215
253 224
254 142
255 184
256 249
257 179
258 80
259 255
260 133
261 145
262 105
263 18
264 25
265 209
266 30
267 90
268 226
269 240
270 268
271 151
272 208
273 26
274 46
275 245
276 46
277 179
278 132
279 55
280 129
281 41
282 71
283 72
284 148
285 20
286 22
287 81
288 93
289 80
290 152
291 289
292 140
293 26
294 133
295 289
296 220
297 182
298 25
299 106
300 210
301 20
302 279
303 198
304 208
305 165
306 280
307 23
308 100
309 37
310 215
311 24
312 290
313 291
314 199
315 104
316 296
317 110
318 295
319 126
320 274
321 28
322 212
323 297
324 43
325 181
326 225
327 184
328 264
329 197
330 229
331 131
332 82
333 128
334 235
335 41
336 196
337 43
338 140
339 299
340 43
341 90
342 148
343 195
344 246
345 216
346 184
347 280
348 217
349 29
350 342
351 53
352 136
353 327
354 79
355 114
356 111
357 165
358 5
359 338
360 49
361 3
362 56
363 259
364 277
365 94
366 101
367 12
368 187
369 347
370 284
371 95
372 7
373 307
374 246
375 187
376 119
377 209
378 356
379 126
380 16
381 291
382 259
383 337
384 95
385 188
386 167
387 21
388 45
389 120
390 244
391 222
392 118
393 94
394 67
395 137
396 5
397 134
398 362
399 211
400 189
401 93
402 48
403 91
404 354
405 192
406 334
407 221
408 182
409 88
410 341
411 168
412 255
413 195
414 67
415 137
416 144
417 308
418 262
419 120
420 353
421 216
422 317
423 150
424 410
425 406
426 248
427 382
428 260
429 176
430 266
431 285
432 51
433 352
434 164
435 153
436 312
437 102
438 415
439 293
440 221
441 302
442 138
443 229
444 419
445 101
446 157
447 134
448 149
449 386
450 410
451 174
452 65
453 395
454 65
455 156
456 229
457 372
458 420
459 326
460 13
461 214
462 322
463 294
464 333
465 134
466 412
467 73
468 48
469 248
470 143
471 201
472 197
473 175
474 261
475 410
476 5
477 245
478 70
479 315
480 120
481 475
482 372
483 173
484 117
485 480
486 132
487 157
488 194
489 333
490 131
491 347
492 452
493 197
494 221
495 121
496 149
497 123
498 59
499 133
500 344
501 85
502 139
503 68
504 470
505 39
506 290
507 184
508 447
509 47
510 423
511 189
512 53
513 236
514 430
515 30
516 39
517 33
518 43
519 70
520 511
521 398
522 62
523 355
524 363
525 288
526 381
527 144
528 263
529 146
530 182
531 41
532 427
533 439
534 37
535 473
536 87
537 81
538 310
539 476
540 378
541 119
542 513
543 88
544 27
545 375
546 166
547 337
548 346
549 250
550 292
551 527
552 23
553 454
554 160
555 372
556 392
557 152
558 274
559 384
560 315
561 391
562 250
563 402
564 498
565 559
566 102
567 425
568 20
569 174
570 102
571 210
572 122
573 17
574 512
575 59
576 386
577 470
578 539
579 216
580 235
581 280
582 491
583 254
584 41
585 140
586 212
587 171
588 140
589 554
590 284
591 147
592 124
593 46
594 152
595 389
596 257
597 370
598 485
599 17
600 465
601 501
602 274
603 447
604 602
605 222
606 402
607 250
608 6
609 393
610 467
611 458
612 453
613 211
614 225
615 258
616 139
617 226
618 210
619 143
620 257
621 260
622 373
623 60
624 148
625 348
626 452
627 463
628 560
629 452
630 89
631 271
632 229
633 31
634 614
635 193
636 452
637 125
638 429
639 478
640 267
641 529
642 113
643 321
644 369
645 436
646 282
647 105
648 189
649 168
650 216
651 162
652 5
653 207
654 81
655 523
656 535
657 385
658 143
659 307
660 112
661 352
662 348
663 21
664 430
665 319
666 205
667 252
668 346
669 168
670 526
671 26
672 89
673 215
674 528
675 56
676 105
677 179
678 332
679 14
680 638
681 108
682 362
683 672
684 411
685 420
686 442
687 442
688 344
689 312
690 542
691 226
692 576
693 394
694 192
695 543
696 516
697 449
698 217
699 437
700 303
701 410
702 540
703 659
704 573
705 355
706 442
707 409
708 324
709 218
710 437
711 615
712 208
713 532
714 386
715 338
716 606
717 70
718 31
719 557
720 66
721 452
722 398
723 451
724 54
725 372
726 655
727 449
728 119
729 488
730 720
731 88
732 559
733 377
734 173
735 12
736 180
737 226
738 21
739 574
740 199
741 330
742 518
743 383
744 565
745 671
746 97
747 664
748 268
749 159
750 179
751 399
752 295
753 749
754 39
755 99
756 485
757 358
758 366
759 372
760 188
761 181
762 459
763 249
764 58
765 480
766 345
767 684
768 253
769 482
770 720
771 767
772 17
773 210
774 517
775 555
776 699
777 658
778 499
779 181
780 588
781 5
782 525
783 488
784 193
785 194
786 60
787 423
788 643
789 535
790 660
791 335
792 179
793 425
794 197
795 341
796 302
797 40
798 619
799 624
800 503
801 790
802 269
803 137
804 4
805 734
806 703
807 560
808 467
809 150
810 567
811 105
812 793
813 541
814 805
815 62
816 274
817 793
818 692
819 285
820 219
821 450
822 107
823 470
824 520
825 186
826 444
827 430
828 257
829 430
830 510
831 40
832 766
833 685
834 188
835 824
836 60
837 553
838 375
839 665
840 401
841 526
842 179
843 10
844 456
845 755
846 753
847 142
848 339
849 572
850 487
851 708
852 188
853 72
854 104
855 570
856 396
857 61
858 663
859 807
860 301
861 649
862 142
863 207
864 399
865 501
866 117
867 326
868 841
869 295
870 211
871 259
872 295
873 770
874 82
875 477
876 789
877 426
878 692
879 412
880 65
881 211
882 266
883 288
884 783
885 115
886 461
887 449
888 869
889 635
890 809
891 773
892 726
893 793
894 503
895 791
896 499
897 102
898 242
899 83
900 815
901 47
902 767
903 317
904 635
905 345
906 542
907 245
908 287
909 751
910 325
911 380
912 442
913 294
914 353
915 601
916 430
917 332
918 483
919 697
920 442
921 795
922 844
923 268
924 636
925 319
926 306
927 885
928 246
929 717
930 610
931 174
932 635
933 474
934 921
935 385
936 633
937 306
938 170
939 248
940 440
330 281
75 11
68 807
312 29
91 497
236 56
161 706
288 669
794 427
761 158
905 783
354 677
284 733
237 422
417 609
676 712
523 120
843 650
66 30
311 325
366 489
563 215
586 13
110 574
495 798
25 585
298 354
85 206
676 344
133 676
718 148
215 342
713 283
469 583
358 659
47 735
109 50
743 512
691 312
159 796
460 622
468 790
766 176
121 171
861 825
573 340
321 230
176 317
437 200
