521 825 660
2 1
3 1
4 2
5 2
6 5
7 5
8 4
9 7
10 9
11 10
12 2
13 12
14 9
15 9
16 9
17 2
18 11
19 18
20 12
21 5
22 17
23 3
24 8
25 24
26 1
27 18
28 11
29 2
30 18
31 30
32 14
33 29
34 14
35 13
36 19
37 14
38 35
39 19
40 15
41 11
42 18
43 26
44 28
45 3
46 37
47 38
48 44
49 3
50 28
51 12
52 35
53 18
54 38
55 18
56 41
57 23
58 14
59 27
60 36
61 56
62 15
63 30
64 27
65 11
66 46
67 12
68 46
69 66
70 6
71 47
72 30
73 4
74 18
75 50
76 23
77 5
78 62
79 24
80 14
81 52
82 32
83 40
84 44
85 32
86 29
87 81
88 7
89 28
90 1
91 32
92 13
93 50
94 34
95 76
96 67
97 4
98 8
99 46
100 41
101 86
102 35
103 60
104 38
105 90
106 105
107 41
108 37
109 30
110 88
111 54
112 60
113 71
114 9
115 82
116 81
117 83
118 74
119 45
120 37
121 63
122 17
123 34
124 67
125 111
126 52
127 68
128 103
129 58
130 97
131 65
132 10
133 11
134 53
135 115
136 102
137 48
138 95
139 48
140 20
141 30
142 42
143 50
144 127
145 64
146 132
147 101
148 91
149 19
150 27
151 100
152 139
153 41
154 39
155 83
156 41
157 21
158 49
159 131
160 6
161 34
162 85
163 141
164 123
165 64
166 163
167 19
168 92
169 149
170 33
171 10
172 144
173 47
174 96
175 60
176 156
177 45
178 52
179 66
180 70
181 160
182 177
183 170
184 29
185 33
186 117
187 88
188 43
189 55
190 140
191 96
192 24
193 142
194 79
195 109
196 71
197 166
198 24
199 89
200 183
201 153
202 17
203 114
204 194
205 72
206 82
207 167
208 155
209 1
210 156
211 8
212 21
213 106
214 145
215 156
216 136
217 90
218 172
219 182
220 39
221 69
222 117
223 40
224 173
225 59
226 88
227 148
228 165
229 163
230 100
231 45
232 64
233 207
234 85
235 204
236 191
237 149
238 197
239 161
240 23
241 128
242 176
243 214
244 148
245 74
246 109
247 243
248 194
249 156
250 34
251 163
252 8
253 211
254 115
255 119
256 216
257 238
258 26
259 231
260 231
261 77
262 51
263 6
264 7
265 262
266 174
267 225
268 95
269 196
270 150
271 5
272 200
273 19
274 96
275 261
276 150
277 65
278 36
279 8
280 120
281 95
282 210
283 4
284 67
285 152
286 17
287 131
288 195
289 42
290 112
291 116
292 105
293 255
294 255
295 214
296 265
297 39
298 119
299 145
300 17
301 102
302 89
303 210
304 32
305 35
306 290
307 74
308 69
309 63
310 16
311 68
312 179
313 260
314 277
315 68
316 28
317 247
318 166
319 146
320 129
321 101
322 118
323 235
324 82
325 229
326 309
327 244
328 110
329 164
330 29
331 96
332 152
333 299
334 218
335 134
336 257
337 263
338 78
339 60
340 252
341 4
342 259
343 190
344 93
345 249
346 294
347 209
348 320
349 140
350 95
351 84
352 221
353 127
354 70
355 71
356 277
357 83
358 325
359 258
360 212
361 23
362 351
363 187
364 165
365 9
366 205
367 225
368 75
369 284
370 15
371 260
372 146
373 77
374 190
375 13
376 40
377 290
378 347
379 11
380 33
381 87
382 245
383 185
384 366
385 65
386 222
387 89
388 181
389 244
390 152
391 324
392 333
393 316
394 203
395 259
396 277
397 195
398 303
399 18
400 52
401 203
402 37
403 186
404 173
405 337
406 78
407 219
408 209
409 281
410 181
411 241
412 224
413 56
414 30
415 43
416 249
417 53
418 382
419 364
420 386
421 143
422 246
423 104
424 314
425 5
426 214
427 417
428 97
429 171
430 223
431 379
432 288
433 51
434 411
435 66
436 175
437 164
438 357
439 381
440 323
441 416
442 69
443 72
444 409
445 274
446 4
447 210
448 299
449 226
450 261
451 147
452 18
453 321
454 252
455 331
456 186
457 53
458 349
459 193
460 71
461 309
462 126
463 425
464 142
465 253
466 461
467 430
468 246
469 355
470 348
471 12
472 19
473 182
474 247
475 265
476 205
477 206
478 393
479 221
480 240
481 367
482 473
483 366
484 256
485 227
486 212
487 149
488 467
489 135
490 353
491 315
492 444
493 161
494 428
495 221
496 381
497 369
498 245
499 263
500 347
501 54
502 176
503 443
504 332
505 84
506 180
507 427
508 93
509 298
510 313
511 109
512 264
513 405
514 485
515 190
516 425
517 111
518 440
519 454
520 149
521 147
36 62
255 83
247 326
389 173
119 171
146 105
319 24
243 479
73 18
27 161
427 83
40 153
303 73
292 258
492 61
334 143
181 400
369 493
378 11
489 421
245 144
399 277
192 90
184 246
54 1
274 398
317 150
349 364
9 257
203 395
160 259
158 441
283 324
22 15
198 54
119 377
457 187
98 396
346 480
490 479
411 57
246 71
148 51
479 19
135 311
268 453
56 330
20 442
493 74
475 474
331 169
143 177
136 206
232 185
337 50
72 448
151 49
404 184
448 22
442 127
10 227
87 224
374 194
318 55
164 511
228 221
129 427
358 352
339 174
234 136
517 469
497 159
231 347
210 307
215 503
204 60
27 145
492 437
260 129
176 34
364 272
481 466
439 8
48 243
338 136
461 288
112 65
13 423
322 365
388 5
306 230
232 503
297 200
499 503
451 31
434 315
220 148
513 145
262 333
192 183
450 168
356 383
233 242
311 26
85 409
162 47
281 81
281 279
286 383
508 447
279 127
117 308
373 225
314 16
304 213
214 466
39 430
120 87
168 451
258 241
406 170
190 505
431 221
474 300
218 65
387 112
324 82
121 254
302 152
105 247
90 194
1 423
365 345
156 357
277 123
160 505
144 347
299 356
189 311
476 365
273 2
243 256
71 204
161 103
408 365
461 224
493 233
463 151
338 387
64 238
121 478
430 438
265 299
132 509
171 380
304 405
143 467
187 402
507 385
164 76
20 178
126 36
328 204
296 65
318 250
429 494
422 109
332 163
507 66
244 408
426 214
314 307
441 284
20 293
65 425
429 267
281 60
456 485
365 346
495 428
155 242
304 10
242 124
24 380
373 301
440 479
419 180
470 325
315 48
289 328
371 275
369 396
16 198
87 402
23 383
70 315
138 188
289 510
115 436
316 397
339 147
321 7
334 206
165 189
283 108
414 81
191 70
485 224
386 337
511 271
432 109
153 199
340 6
442 96
80 362
412 406
397 485
422 349
381 361
39 226
154 228
4 356
290 203
341 213
120 150
267 52
190 76
384 287
257 518
339 453
408 253
210 116
351 343
432 321
158 467
59 384
516 118
458 452
224 206
474 124
22 498
13 144
164 335
20 260
380 194
217 444
380 151
245 418
460 52
458 108
6 62
392 290
261 139
443 192
44 176
225 173
162 233
209 121
224 158
433 252
304 492
131 491
91 155
224 437
268 356
324 28
392 127
30 188
38 119
249 64
198 445
83 107
346 446
383 445
161 474
495 17
2 15
417 451
298 417
459 18
95 181
486 208
501 326
130 492
484 423
147 434
470 312
517 424
1 446
341 89
57 498
443 126
415 152
378 251
97 318
510 138
61 251
43 321
82 314
273 187
336 490
446 264
288 113
299 58
424 295
