166 165 251
1 136
136 2
2 20
20 21
21 4
4 85
85 47
47 8
8 144
144 135
135 6
6 68
68 162
162 148
148 90
90 18
18 91
91 7
7 49
49 77
77 147
147 104
104 10
10 74
74 92
92 126
126 75
75 79
79 95
95 13
13 71
71 26
26 60
60 29
29 27
27 105
105 111
111 24
24 125
125 5
5 87
87 142
142 48
48 133
133 113
113 110
110 23
23 123
123 14
14 157
157 112
112 102
102 80
80 122
122 155
155 11
11 141
141 76
76 151
151 101
101 66
66 40
40 16
16 65
65 67
67 145
145 78
78 54
54 38
38 61
61 120
120 138
138 50
50 131
131 53
53 3
3 114
114 46
46 73
73 86
86 55
55 153
153 57
57 129
129 56
56 106
106 41
41 99
99 15
15 137
137 58
58 28
28 51
51 166
166 94
94 156
156 124
124 19
19 59
59 45
45 83
83 88
88 9
9 103
103 100
100 17
17 152
152 163
163 165
165 63
63 158
158 149
149 62
62 164
164 25
25 150
150 130
130 93
93 134
134 52
52 64
64 97
97 42
42 159
159 22
22 30
30 116
116 143
143 32
32 70
70 139
139 140
140 37
37 31
31 146
146 69
69 108
108 89
89 72
72 12
12 98
98 84
84 127
127 39
39 44
44 132
132 107
107 161
161 154
154 119
119 35
35 115
115 117
117 121
121 160
160 43
43 109
109 34
34 81
81 33
33 118
118 36
36 82
82 96
96 128
