279 278 276
1 146
146 122
122 67
67 43
43 148
148 12
12 238
238 237
237 91
91 35
35 98
98 124
124 63
63 161
161 265
265 212
212 125
125 267
267 32
32 246
246 97
97 41
41 170
170 128
128 239
239 115
115 72
72 141
141 44
44 130
130 174
174 45
45 208
208 183
183 134
134 254
254 279
279 199
199 276
276 28
28 231
231 243
243 171
171 181
181 234
234 206
206 73
73 150
150 275
275 119
119 48
48 147
147 229
229 245
245 135
135 29
29 250
250 39
39 88
88 178
178 164
164 194
194 59
59 225
225 57
57 36
36 268
268 179
179 160
160 222
222 162
162 123
123 216
216 79
79 138
138 103
103 278
278 18
18 136
136 58
58 108
108 186
186 6
6 173
173 151
151 244
244 100
100 51
51 227
227 211
211 240
240 221
221 159
159 271
271 230
230 60
60 52
52 210
210 253
253 54
54 219
219 190
190 42
42 195
195 33
33 74
74 105
105 86
86 14
14 31
31 203
203 272
272 117
117 85
85 189
189 218
218 256
256 65
65 140
140 77
77 84
84 114
114 187
187 255
255 47
47 166
166 26
26 109
109 87
87 155
155 223
223 92
92 126
126 259
259 78
78 19
19 165
165 232
232 149
149 64
64 207
207 95
95 273
273 224
224 191
191 205
205 116
116 236
236 80
80 169
169 260
260 175
175 106
106 257
257 258
258 157
157 40
40 252
252 197
197 101
101 110
110 137
137 7
7 38
38 196
196 247
247 172
172 127
127 112
112 262
262 93
93 66
66 107
107 251
251 176
176 102
102 263
263 25
25 17
17 193
193 129
129 214
214 274
274 94
94 82
82 145
145 266
266 200
200 215
215 68
68 81
81 46
46 5
5 56
56 133
133 34
34 113
113 158
158 167
167 209
209 11
11 204
204 241
241 111
111 71
71 132
132 202
202 177
177 55
55 37
37 156
156 15
15 21
21 182
182 23
23 13
13 242
242 3
3 62
62 217
217 192
192 168
168 184
184 49
49 261
261 69
69 264
264 153
153 2
2 180
180 118
118 228
228 50
50 104
104 20
20 75
75 4
4 131
131 30
30 226
226 235
235 22
22 90
90 152
152 120
120 99
99 139
139 269
269 277
277 249
249 27
27 144
144 142
142 96
96 154
154 16
16 233
233 10
10 9
9 83
83 8
8 270
270 121
121 198
198 248
248 53
53 143
143 24
24 70
70 185
185 201
201 188
188 163
163 76
76 89
89 61
61 213
213 220
