160 625 802
2 1
3 1
4 3
5 3
6 1
7 4
8 2
9 3
10 9
11 4
12 2
13 8
14 12
15 10
16 12
17 15
18 13
19 16
20 11
21 19
22 21
23 3
24 5
25 3
26 14
27 18
28 6
29 4
30 18
31 15
32 14
33 1
34 23
35 14
36 28
37 8
38 28
39 17
40 26
41 29
42 26
43 13
44 9
45 41
46 37
47 16
48 1
49 19
50 40
51 21
52 48
53 31
54 42
55 50
56 54
57 5
58 47
59 50
60 31
61 57
62 34
63 1
64 57
65 1
66 65
67 22
68 43
69 10
70 41
71 37
72 38
73 25
74 30
75 8
76 38
77 52
78 73
79 19
80 9
81 53
82 61
83 23
84 30
85 80
86 42
87 78
88 8
89 55
90 73
91 72
92 24
93 17
94 20
95 34
96 34
97 13
98 36
99 33
100 92
101 65
102 16
103 28
104 19
105 57
106 77
107 55
108 5
109 27
110 86
111 86
112 103
113 69
114 12
115 48
116 65
117 106
118 63
119 102
120 96
121 92
122 81
123 49
124 56
125 76
126 12
127 59
128 3
129 42
130 101
131 35
132 72
133 68
134 111
135 13
136 112
137 50
138 53
139 39
140 25
141 93
142 89
143 27
144 46
145 130
146 128
147 104
148 114
149 133
150 100
151 97
152 115
153 94
154 133
155 14
156 5
157 40
158 58
159 26
160 87
119 153
46 107
54 126
91 34
54 116
127 40
109 155
150 136
89 158
31 53
69 50
1 21
51 120
33 156
99 95
135 75
43 18
61 151
30 152
101 4
7 157
32 29
12 24
37 48
137 32
46 160
107 149
139 95
32 120
56 57
14 28
122 99
145 99
20 78
93 44
15 60
113 155
115 85
3 139
132 67
133 34
102 52
85 66
116 98
2 99
129 117
101 56
9 111
64 49
12 57
153 116
14 71
44 23
120 154
129 35
146 106
43 102
121 78
7 116
82 109
128 40
107 40
36 74
125 128
13 80
79 49
87 33
146 101
95 121
118 85
2 102
37 62
32 95
31 100
159 132
30 93
77 4
134 138
99 17
12 26
86 3
76 80
55 99
17 126
5 74
12 133
90 75
108 14
118 130
67 145
125 114
124 159
52 109
110 40
12 84
128 62
44 156
54 112
41 71
103 155
2 115
82 19
95 36
15 64
114 88
95 28
7 122
77 75
70 18
100 5
20 111
10 106
66 89
120 132
156 113
54 137
144 131
97 67
29 50
83 11
95 61
62 115
142 41
92 150
117 78
83 8
33 22
111 35
146 47
93 70
106 20
137 40
87 150
39 100
111 37
160 130
108 46
60 153
111 119
52 148
89 105
148 122
132 95
129 36
58 68
154 127
136 115
25 118
54 34
147 61
90 150
24 50
13 10
103 52
156 158
128 150
104 2
33 128
16 2
50 40
34 41
127 160
154 114
129 51
28 22
66 106
110 44
137 76
18 110
154 157
109 123
145 14
114 122
99 136
52 134
92 8
111 160
35 159
158 35
101 18
29 146
96 97
39 34
137 111
136 69
145 96
135 56
19 117
106 34
7 9
41 56
42 59
21 64
117 109
99 3
49 131
48 126
23 49
88 14
58 133
144 79
82 128
38 145
90 153
31 68
47 123
22 86
37 122
63 57
35 22
51 75
59 110
8 125
97 67
159 1
81 116
10 45
125 95
152 135
14 84
21 149
152 139
68 76
43 125
146 82
18 132
99 7
154 91
62 156
127 27
144 37
153 29
53 41
119 156
106 2
112 91
77 138
4 143
48 76
150 104
100 148
123 119
63 117
13 95
21 10
160 62
13 37
13 116
62 76
29 148
50 62
64 78
140 117
128 123
146 120
114 26
127 7
156 21
43 83
127 140
131 77
93 53
135 18
68 154
39 51
58 82
10 25
124 80
88 82
52 129
76 46
64 3
114 21
86 154
82 115
126 160
79 24
86 112
102 12
62 143
137 114
95 92
160 61
158 112
103 133
1 115
62 122
8 2
132 83
3 13
57 75
15 73
108 117
34 123
96 4
38 62
14 38
94 124
74 17
28 98
112 117
155 139
13 130
37 51
31 33
148 83
102 143
65 7
117 39
55 48
68 110
44 132
23 51
51 146
47 155
52 144
26 155
151 103
17 104
70 79
23 74
79 4
157 54
148 16
129 90
112 132
3 159
160 146
154 55
95 51
44 72
136 95
115 118
95 40
57 51
116 113
150 7
82 144
30 54
6 38
101 43
145 48
44 62
48 17
69 129
59 114
29 8
141 153
49 132
143 100
56 24
67 53
148 152
21 40
136 122
115 130
126 27
19 96
73 34
29 74
51 88
23 138
54 146
3 8
130 139
150 120
60 108
106 133
19 84
155 143
76 49
63 72
73 137
144 66
20 94
111 41
39 79
60 76
62 148
42 100
150 35
50 137
150 152
16 160
139 47
44 121
32 4
111 114
72 107
42 40
66 52
25 124
154 45
89 68
158 133
35 1
154 73
3 15
34 70
39 52
149 48
65 74
89 39
126 106
160 126
43 95
87 139
138 151
18 8
12 44
58 44
50 129
160 14
134 102
128 137
145 60
29 10
138 4
88 101
101 84
36 93
80 33
151 38
53 64
78 114
122 54
98 134
89 105
88 156
12 51
22 88
122 20
121 120
96 5
22 38
142 151
64 58
74 77
28 93
65 51
119 116
25 160
157 76
133 138
5 44
137 87
47 152
142 53
85 137
127 13
42 56
89 122
46 124
158 87
129 157
43 71
57 142
159 138
41 154
122 78
114 32
148 110
20 27
81 49
83 106
135 71
