1000
9 46 9 143
9 46 72 46
72 143 9 143
72 143 72 46
-23 -23 -23 77
-23 -23 -22 -23
-22 77 -23 77
-22 77 -22 -23
-12 18 -12 87
-12 18 31 18
31 87 -12 87
31 87 31 18
-68 -2 -68 69
-68 -2 -52 -2
-52 69 -68 69
-52 69 -52 -2
-51 -26 -51 46
-51 -26 -47 -26
-47 46 -51 46
-47 46 -47 -26
-44 35 -44 85
-44 35 -2 35
-2 85 -44 85
-2 85 -2 35
-55 -78 -55 -24
-55 -78 -15 -78
-15 -24 -55 -24
-15 -24 -15 -78
-56 10 -56 73
-56 10 -18 10
-18 73 -56 73
-18 73 -18 10
-35 30 -35 93
-35 30 -4 30
-4 93 -35 93
-4 93 -4 30
26 17 26 19
26 17 54 17
54 19 26 19
54 19 54 17
53 -46 53 18
53 -46 117 -46
117 18 53 18
117 18 117 -46
44 -33 44 31
44 -33 135 -33
135 31 44 31
135 31 135 -33
41 -19 41 50
41 -19 95 -19
95 50 41 50
95 50 95 -19
-45 -29 -45 67
-45 -29 -5 -29
-5 67 -45 67
-5 67 -5 -29
-69 -16 -69 72
-69 -16 24 -16
24 72 -69 72
24 72 24 -16
15 -54 15 35
15 -54 106 -54
106 35 15 35
106 35 106 -54
73 62 73 148
73 62 126 62
126 148 73 148
126 148 126 62
-1 -11 -1 41
-1 -11 43 -11
43 41 -1 41
43 41 43 -11
62 -13 62 17
62 -13 68 -13
68 17 62 17
68 17 68 -13
66 -87 66 -41
66 -87 115 -87
115 -41 66 -41
115 -41 115 -87
-15 -1 -15 27
-15 -1 64 -1
64 27 -15 27
64 27 64 -1
36 -15 36 78
36 -15 102 -15
102 78 36 78
102 78 102 -15
-7 1 -7 48
-7 1 6 1
6 48 -7 48
6 48 6 1
-26 -22 -26 36
-26 -22 4 -22
4 36 -26 36
4 36 4 -22
84 -34 84 53
84 -34 108 -34
108 53 84 53
108 53 108 -34
-35 -63 -35 -21
-35 -63 1 -63
1 -21 -35 -21
1 -21 1 -63
91 6 91 61
91 6 133 6
133 61 91 61
133 61 133 6
66 55 66 73
66 55 84 55
84 73 66 73
84 73 84 55
32 -20 32 2
32 -20 100 -20
100 2 32 2
100 2 100 -20
34 -43 34 -34
34 -43 79 -43
79 -34 34 -34
79 -34 79 -43
-71 -47 -71 -17
-71 -47 -38 -47
-38 -17 -71 -17
-38 -17 -38 -47
49 -4 49 52
49 -4 138 -4
138 52 49 52
138 52 138 -4
27 90 27 124
27 90 74 90
74 124 27 124
74 124 74 90
24 -63 24 -56
24 -63 43 -63
43 -56 24 -56
43 -56 43 -63
-10 -6 -10 34
-10 -6 81 -6
81 34 -10 34
81 34 81 -6
-14 -37 -14 20
-14 -37 -9 -37
-9 20 -14 20
-9 20 -9 -37
13 12 13 57
13 12 22 12
22 57 13 57
22 57 22 12
-65 -40 -65 17
-65 -40 -59 -40
-59 17 -65 17
-59 17 -59 -40
23 25 23 33
23 25 117 25
117 33 23 33
117 33 117 25
37 -69 37 -37
37 -69 107 -69
107 -37 37 -37
107 -37 107 -69
-30 60 -30 128
-30 60 19 60
19 128 -30 128
19 128 19 60
11 -72 11 -59
11 -72 49 -72
49 -59 11 -59
49 -59 49 -72
-25 -2 -25 0
-25 -2 39 -2
39 0 -25 0
39 0 39 -2
30 54 30 92
30 54 118 54
118 92 30 92
118 92 118 54
-63 6 -63 84
-63 6 -48 6
-48 84 -63 84
-48 84 -48 6
-33 -15 -33 74
-33 -15 -28 -15
-28 74 -33 74
-28 74 -28 -15
-91 22 -91 81
-91 22 -83 22
-83 81 -91 81
-83 81 -83 22
-3 -36 -3 9
-3 -36 47 -36
47 9 -3 9
47 9 47 -36
45 1 45 65
45 1 121 1
121 65 45 65
121 65 121 1
76 -1 76 77
76 -1 86 -1
86 77 76 77
86 77 86 -1
-69 -35 -69 -27
-69 -35 -24 -35
-24 -27 -69 -27
-24 -27 -24 -35
33 -30 33 36
33 -30 58 -30
58 36 33 36
58 36 58 -30
-70 -50 -70 12
-70 -50 -2 -50
-2 12 -70 12
-2 12 -2 -50
3 28 3 42
3 28 34 28
34 42 3 42
34 42 34 28
28 51 28 140
28 51 39 51
39 140 28 140
39 140 39 51
87 74 87 126
87 74 167 74
167 126 87 126
167 126 167 74
-20 14 -20 96
-20 14 7 14
7 96 -20 96
7 96 7 14
-34 26 -34 52
-34 26 11 26
11 52 -34 52
11 52 11 26
-25 82 -25 164
-25 82 -21 82
-21 164 -25 164
-21 164 -21 82
22 61 22 112
22 61 42 61
42 112 22 112
42 112 42 61
12 16 12 115
12 16 65 16
65 115 12 115
65 115 65 16
-13 68 -13 107
-13 68 -8 68
-8 107 -13 107
-8 107 -8 68
47 40 47 103
47 40 81 40
81 103 47 103
81 103 81 40
62 69 62 80
62 69 143 69
143 80 62 80
143 80 143 69
-44 -20 -44 -1
-44 -20 -15 -20
-15 -1 -44 -1
-15 -1 -15 -20
18 -48 18 15
18 -48 30 -48
30 15 18 15
30 15 30 -48
46 -22 46 -12
46 -22 130 -22
130 -12 46 -12
130 -12 130 -22
82 -13 82 41
82 -13 159 -13
159 41 82 41
159 41 159 -13
26 21 26 86
26 21 88 21
88 86 26 86
88 86 88 21
29 89 29 150
29 89 91 89
91 150 29 150
91 150 91 89
25 72 25 147
25 72 67 72
67 147 25 147
67 147 67 72
40 -98 40 -86
40 -98 126 -98
126 -86 40 -86
126 -86 126 -98
-43 11 -43 97
-43 11 -38 11
-38 97 -43 97
-38 97 -38 11
-29 -7 -29 25
-29 -7 -13 -7
-13 25 -29 25
-13 25 -13 -7
46 -11 46 12
46 -11 57 -11
57 12 46 12
57 12 57 -11
-34 -65 -34 16
-34 -65 -21 -65
-21 16 -34 16
-21 16 -21 -65
73 -10 73 43
73 -10 83 -10
83 43 73 43
83 43 83 -10
97 55 97 60
97 55 106 55
106 60 97 60
106 60 106 55
-37 22 -37 64
-37 22 -8 22
-8 64 -37 64
-8 64 -8 22
-41 31 -41 131
-41 31 -29 31
-29 131 -41 131
-29 131 -29 31
-17 88 -17 158
-17 88 64 88
64 158 -17 158
64 158 64 88
42 -45 42 -42
42 -45 62 -45
62 -42 42 -42
62 -42 62 -45
-13 -67 -13 -27
-13 -67 51 -67
51 -27 -13 -27
51 -27 51 -67
-1 44 -1 62
-1 44 63 44
63 62 -1 62
63 62 63 44
-47 79 -47 156
-47 79 -26 79
-26 156 -47 156
-26 156 -26 79
13 -9 13 2
13 -9 20 -9
20 2 13 2
20 2 20 -9
-72 -86 -72 -46
-72 -86 -61 -86
-61 -46 -72 -46
-61 -46 -61 -86
69 -17 69 83
69 -17 141 -17
141 83 69 83
141 83 141 -17
81 -76 81 -55
81 -76 166 -76
166 -55 81 -55
166 -55 166 -76
80 -8 80 19
80 -8 147 -8
147 19 80 19
147 19 147 -8
-17 -74 -17 -72
-17 -74 -4 -74
-4 -72 -17 -72
-4 -72 -4 -74
7 -45 7 -24
7 -45 28 -45
28 -24 7 -24
28 -24 28 -45
48 3 48 93
48 3 128 3
128 93 48 93
128 93 128 3
-2 98 -2 191
-2 98 55 98
55 191 -2 191
55 191 55 98
-32 -17 -32 5
-32 -17 25 -17
25 5 -32 5
25 5 25 -17
-36 53 -36 106
-36 53 -7 53
-7 106 -36 106
-7 106 -7 53
10 -35 10 -31
10 -35 21 -35
21 -31 10 -31
21 -31 21 -35
-7 -42 -7 -11
-7 -42 -6 -42
-6 -11 -7 -11
-6 -11 -6 -42
-3 -79 -3 -75
-3 -79 4 -79
4 -75 -3 -75
4 -75 4 -79
50 4 50 95
50 4 119 4
119 95 50 95
119 95 119 4
-73 -18 -73 -13
-73 -18 -36 -18
-36 -13 -73 -13
-36 -13 -36 -18
33 -71 33 -32
33 -71 111 -71
111 -32 33 -32
111 -32 111 -71
93 79 93 131
93 79 104 79
104 131 93 131
104 131 104 79
-78 -36 -78 -31
-78 -36 -75 -36
-75 -31 -78 -31
-75 -31 -75 -36
-88 -19 -88 -6
-88 -19 -63 -19
-63 -6 -88 -6
-63 -6 -63 -19
-19 -3 -19 69
-19 -3 40 -3
40 69 -19 69
40 69 40 -3
56 -41 56 -16
56 -41 63 -41
63 -16 56 -16
63 -16 63 -41
35 8 35 24
35 8 105 8
105 24 35 24
105 24 105 8
-30 47 -30 57
-30 47 -3 47
-3 57 -30 57
-3 57 -3 47
38 -24 38 45
38 -24 51 -24
51 45 38 45
51 45 51 -24
-73 18 -73 116
-73 18 -62 18
-62 116 -73 116
-62 116 -62 18
46 42 46 106
46 42 89 42
89 106 46 106
89 106 89 42
92 57 92 105
92 57 153 57
153 105 92 105
153 105 153 57
-61 58 -61 147
-61 58 23 58
23 147 -61 147
23 147 23 58
-84 35 -84 68
-84 35 -49 35
-49 68 -84 68
-49 68 -49 35
-89 7 -89 63
-89 7 -71 7
-71 63 -89 63
-71 63 -71 7
6 82 6 130
6 82 45 82
45 130 6 130
45 130 45 82
55 -31 55 56
55 -31 99 -31
99 56 55 56
99 56 99 -31
-66 -59 -66 -8
-66 -59 -16 -59
-16 -8 -66 -8
-16 -8 -16 -59
37 38 37 128
37 38 107 38
107 128 37 128
107 128 107 38
7 -85 7 -62
7 -85 62 -85
62 -62 7 -62
62 -62 62 -85
31 -51 31 -35
31 -51 122 -51
122 -35 31 -35
122 -35 122 -51
38 -52 38 -29
38 -52 50 -52
50 -29 38 -29
50 -29 50 -52
25 -50 25 -40
25 -50 44 -50
44 -40 25 -40
44 -40 44 -50
-9 24 -9 33
-9 24 21 24
21 33 -9 33
21 33 21 24
5 49 5 125
5 49 43 49
43 125 5 125
43 125 43 49
28 -88 28 -80
28 -88 35 -88
35 -80 28 -80
35 -80 35 -88
-57 18 -57 91
-57 18 -46 18
-46 91 -57 91
-46 91 -46 18
-32 -92 -32 -60
-32 -92 -5 -92
-5 -60 -32 -60
-5 -60 -5 -92
68 26 68 110
68 26 132 26
132 110 68 110
132 110 132 26
-1 -46 -1 -14
-1 -46 14 -46
14 -14 -1 -14
14 -14 14 -46
87 -56 87 -27
87 -56 155 -56
155 -27 87 -27
155 -27 155 -56
-49 -54 -49 -36
-49 -54 -33 -54
-33 -36 -49 -36
-33 -36 -33 -54
-58 29 -58 96
-58 29 -50 29
-50 96 -58 96
-50 96 -50 29
56 -78 56 -59
56 -78 129 -78
129 -59 56 -59
129 -59 129 -78
-68 81 -68 134
-68 81 -3 81
-3 134 -68 134
-3 134 -3 81
-8 -4 -8 13
-8 -4 8 -4
8 13 -8 13
8 13 8 -4
-39 74 -39 155
-39 74 -34 74
-34 155 -39 155
-34 155 -34 74
93 -18 93 77
93 -18 124 -18
124 77 93 77
124 77 124 -18
-40 -86 -40 -62
-40 -86 -16 -86
-16 -62 -40 -62
-16 -62 -16 -86
52 11 52 75
52 11 104 11
104 75 52 75
104 75 104 11
32 -57 32 -23
32 -57 82 -57
82 -23 32 -23
82 -23 82 -57
87 -16 87 28
87 -16 143 -16
143 28 87 28
143 28 143 -16
-67 -69 -67 -58
-67 -69 -42 -69
-42 -58 -67 -58
-42 -58 -42 -69
-85 93 -85 128
-85 93 -63 93
-63 128 -85 128
-63 128 -63 93
-11 -77 -11 -66
-11 -77 23 -77
23 -66 -11 -66
23 -66 23 -77
-54 -14 -54 63
-54 -14 -11 -14
-11 63 -54 63
-11 63 -11 -14
0 63 0 82
0 63 1 63
1 82 0 82
1 82 1 63
29 57 29 68
29 57 38 57
38 68 29 68
38 68 38 57
-28 -55 -28 -32
-28 -55 16 -55
16 -32 -28 -32
16 -32 16 -55
-77 11 -57 11
-61 -20 -49 -20
-45 15 11 15
-54 -82 -33 -82
45 -19 45 -10
14 50 14 69
-30 -9 -30 34
37 10 82 10
30 -66 43 -66
-81 -5 -81 21
-82 15 -82 83
17 29 84 29
49 -38 49 -25
-27 32 70 32
55 -7 108 -7
4 -82 96 -82
-31 -93 36 -93
72 0 112 0
-40 -16 -40 78
72 -8 72 17
-46 -7 -46 6
-28 -64 37 -64
-70 71 -70 154
66 -20 66 21
-63 -42 -58 -42
54 -46 54 -17
26 -81 26 -6
-53 47 -41 47
3 53 3 122
-24 -16 -24 28
-11 -49 -11 -22
19 -41 25 -41
3 68 12 68
-90 37 7 37
-7 43 53 43
-29 4 46 4
59 -27 59 -20
-34 -5 -21 -5
36 -59 36 -58
85 -36 160 -36
16 -15 16 -4
21 79 21 167
75 -59 75 12
0 -2 0 14
-16 -13 49 -13
-53 50 -26 50
23 79 54 79
-76 15 -76 87
-6 19 -6 43
-17 -38 64 -38
-6 0 -6 10
-18 -16 -18 0
-2 22 18 22
9 59 66 59
49 -9 111 -9
-90 -74 -90 -22
37 -10 38 -10
-64 -27 -64 17
-96 13 -96 82
-85 2 -59 2
-31 -13 -31 61
-41 -29 -41 -18
54 67 54 119
-68 -9 -41 -9
40 47 71 47
30 29 30 53
20 28 20 39
89 22 161 22
-14 40 -14 42
-8 -46 -8 -25
28 -81 117 -81
48 -28 69 -28
27 5 37 5
25 -58 85 -58
-36 12 -36 25
12 -51 12 -31
-60 -2 -60 17
-31 70 -26 70
-36 90 11 90
-84 -5 -80 -5
-22 21 10 21
1 -8 1 42
93 -21 148 -21
53 13 66 13
19 38 33 38
-15 -41 8 -41
-10 -39 9 -39
-61 -39 -61 -35
89 -80 89 -79
52 -49 52 -12
-55 -39 -17 -39
-29 -62 -29 -53
7 6 71 6
57 -18 63 -18
58 -62 58 -54
56 -2 145 -2
53 75 53 81
-10 -31 -10 -18
-80 53 -80 101
-12 -28 46 -28
0 30 0 50
35 -68 67 -68
-3 -20 14 -20
25 -65 117 -65
60 -59 60 20
57 38 57 75
56 4 56 92
-56 -48 -30 -48
-23 -57 -23 -27
-58 -70 -58 -61
-10 -9 -6 -9
65 5 115 5
-1 20 67 20
45 -44 94 -44
42 -48 100 -48
-57 21 -47 21
-67 -38 -36 -38
-7 70 35 70
54 39 114 39
-45 -4 -30 -4
43 56 51 56
18 92 18 146
30 67 125 67
-47 -44 28 -44
78 37 78 66
-39 1 -39 52
-45 33 -29 33
-15 -34 1 -34
2 -15 2 69
-10 50 -10 98
2 -53 43 -53
-36 -3 -23 -3
-22 85 -22 180
43 70 103 70
64 -39 141 -39
-3 -89 1 -89
-65 20 -65 26
-53 -3 -53 35
12 -22 12 -8
5 -10 5 17
-13 19 13 19
-28 -10 11 -10
-27 80 -27 81
-42 -10 -42 43
-64 29 -64 32
-27 -43 -27 4
-82 -12 -9 -12
-66 2 -66 5
-42 38 -20 38
54 -81 54 -55
38 79 38 88
71 -22 71 28
-66 70 -66 160
14 45 36 45
41 51 41 113
35 27 35 124
-75 18 -75 79
-67 80 -67 88
-44 6 -14 6
68 -92 106 -92
-57 -67 -57 -13
13 67 13 160
22 66 61 66
-71 -61 3 -61
39 29 39 49
16 -99 16 -58
-50 65 -42 65
-59 -51 -17 -51
-14 91 -14 155
53 -92 53 -91
-17 -4 -17 45
10 63 10 88
-28 -77 -28 -65
-27 -11 -7 -11
22 60 58 60
25 -79 28 -79
-26 62 -26 74
71 64 118 64
19 -37 19 20
59 -18 59 -9
-16 35 -16 96
74 16 74 33
20 -42 20 -19
-63 -42 -63 -38
-42 44 -42 49
19 77 38 77
90 -60 106 -60
54 -60 81 -60
-19 -71 -8 -71
3 -36 3 -31
-39 34 -11 34
-86 -17 -86 69
65 82 96 82
-41 -62 -41 -49
-19 55 9 55
-73 1 -15 1
25 40 25 62
-58 -12 -58 -7
48 23 81 23
22 60 22 61
45 -52 45 -49
-49 -3 -41 -3
-37 27 -25 27
-11 78 14 78
-60 3 -5 3
8 -26 8 -10
79 14 92 14
77 9 77 23
-16 -8 46 -8
-16 23 42 23
86 -5 175 -5
8 55 8 65
-74 -44 -74 -38
38 -75 105 -75
-48 -70 -47 -70
-76 -84 -10 -84
-48 39 46 39
27 -5 27 53
23 -5 23 5
28 85 115 85
-77 -27 -77 -5
-72 17 -72 83
-44 -11 -38 -11
-15 41 -15 70
-84 -72 -84 -12
13 -25 80 -25
36 15 59 15
58 42 58 109
1 76 68 76
41 -33 42 -33
45 71 111 71
62 25 62 48
54 38 54 61
28 18 28 44
37 -24 37 24
-16 -90 9 -90
-32 43 -32 112
-6 61 -6 112
42 2 42 43
38 31 40 31
-77 85 -77 97
-74 -15 -74 82
0 -19 0 -10
-6 -62 -6 -46
93 34 157 34
-58 24 -22 24
63 9 124 9
75 74 75 127
-10 -50 -10 -40
69 -50 111 -50
-85 -74 -85 -15
-4 -63 -4 12
-67 -23 -67 10
-32 10 -32 39
-96 54 -78 54
-1 90 -1 104
79 29 79 86
-30 -58 -19 -58
-15 -70 68 -70
72 37 140 37
-34 17 22 17
11 -87 21 -87
-21 28 -21 54
-39 -42 -39 -26
57 51 133 51
70 -70 70 -36
70 5 70 45
-4 82 -1 82
-31 -86 -31 -64
73 7 153 7
46 -26 96 -26
-43 -91 20 -91
61 -63 68 -63
16 69 16 75
17 1 17 78
2 65 18 65
-4 -76 26 -76
-76 -28 -62 -28
-64 43 -64 68
-13 -45 6 -45
-14 -18 4 -18
-40 -74 -28 -74
-12 6 1 6
-20 -17 -20 13
-3 21 -3 29
63 95 63 160
-12 -10 -12 8
27 -39 58 -39
-24 39 -24 42
6 74 36 74
-54 49 3 49
32 3 32 89
11 -10 11 2
-77 4 -77 35
-21 23 -16 23
17 -4 17 -3
-38 23 -29 23
52 -5 77 -5
19 1 23 1
-65 -21 -60 -21
-45 -26 23 -26
22 -49 22 -43
-67 8 -8 8
86 -10 117 -10
36 -47 38 -47
22 -34 26 -34
10 -24 10 47
23 -14 67 -14
-25 15 -25 56
31 12 39 12
39 -41 39 -21
8 69 8 90
-80 -49 -80 27
60 32 60 122
-82 60 -71 60
40 -25 40 -21
-59 40 -59 126
26 48 63 48
30 -18 47 -18
-43 -92 -43 -24
-71 66 16 66
-70 -41 -46 -41
59 24 59 36
-25 -15 20 -15
41 -61 102 -61
-58 0 -50 0
94 46 143 46
61 1 61 17
-76 -3 -70 -3
67 -40 67 56
-95 6 -95 23
-27 15 -27 64
17 -59 17 -50
-35 -11 -35 -1
-69 44 -48 44
66 -24 71 -24
88 -23 88 13
6 -73 6 -18
-72 -7 -50 -7
7 31 35 31
53 -67 109 -67
18 30 18 53
53 45 53 75
1 -89 47 -89
34 95 34 195
-57 48 -22 48
46 -80 90 -80
40 -49 136 -49
36 -82 36 -80
79 -24 97 -24
2 63 97 63
-27 80 -10 80
19 -82 19 -61
10 13 32 13
-65 -80 -61 -80
-39 14 -37 14
78 -47 78 -25
-1 -7 28 -7
67 -75 67 -49
-33 -22 -30 -22
-77 -33 -20 -33
29 -16 32 -16
91 27 92 27
-37 29 5 29
9 -47 9 -30
92 -14 92 4
-21 -98 -19 -98
-35 -95 16 -95
1 8 30 8
-15 56 39 56
-61 -5 -61 9
-46 -56 -46 -39
-1 3 14 3
82 86 82 133
29 -64 29 31
-42 -56 -42 -53
-19 -30 30 -30
-77 40 -77 48
14 -8 14 -6
4 49 4 90
-44 42 -40 42
-75 70 -54 70
76 -14 168 -14
19 -42 41 -42
9 6 9 12
11 47 23 47
65 -29 76 -29
-44 -53 -20 -53
3 -33 23 -33
58 -40 74 -40
46 28 69 28
16 -1 16 39
-92 43 -92 67
-56 74 -56 171
-64 -32 -64 -27
13 -39 25 -39
-83 -23 -59 -23
-88 -25 -80 -25
-44 8 -44 24
-53 84 -53 140
