1000
21 10 21 54
21 10 93 10
93 54 21 54
93 54 93 10
14 -31 14 57
14 -31 77 -31
77 57 14 57
77 57 77 -31
-86 -28 -86 -14
-86 -28 -76 -28
-76 -14 -86 -14
-76 -14 -76 -28
23 -59 23 30
23 -59 113 -59
113 30 23 30
113 30 113 -59
-36 -1 -36 9
-36 -1 9 -1
9 9 -36 9
9 9 9 -1
-2 28 -2 93
-2 28 43 28
43 93 -2 93
43 93 43 28
63 -76 63 -57
63 -76 72 -76
72 -57 63 -57
72 -57 72 -76
-39 17 -39 85
-39 17 60 17
60 85 -39 85
60 85 60 17
-32 -38 -32 -37
-32 -38 -29 -38
-29 -37 -32 -37
-29 -37 -29 -38
39 84 39 92
39 84 132 84
132 92 39 92
132 92 132 84
-79 49 -79 78
-79 49 -57 49
-57 78 -79 78
-57 78 -57 49
-34 38 -34 72
-34 38 61 38
61 72 -34 72
61 72 61 38
54 -43 54 -25
54 -43 76 -43
76 -25 54 -25
76 -25 76 -43
-17 8 -17 73
-17 8 27 8
27 73 -17 73
27 73 27 8
75 8 75 19
75 8 105 8
105 19 75 19
105 19 105 8
-8 -39 -8 -17
-8 -39 64 -39
64 -17 -8 -17
64 -17 64 -39
51 -10 51 73
51 -10 124 -10
124 73 51 73
124 73 124 -10
-10 -67 -10 -55
-10 -67 34 -67
34 -55 -10 -55
34 -55 34 -67
52 39 52 79
52 39 91 39
91 79 52 79
91 79 91 39
-8 -8 -8 69
-8 -8 31 -8
31 69 -8 69
31 69 31 -8
-49 46 -49 119
-49 46 -6 46
-6 119 -49 119
-6 119 -6 46
-22 -50 -22 -16
-22 -50 36 -50
36 -16 -22 -16
36 -16 36 -50
2 62 2 134
2 62 90 62
90 134 2 134
90 134 90 62
11 -38 11 34
11 -38 79 -38
79 34 11 34
79 34 79 -38
19 -13 19 56
19 -13 40 -13
40 56 19 56
40 56 40 -13
-4 -66 -4 -25
-4 -66 46 -66
46 -25 -4 -25
46 -25 46 -66
18 -29 18 0
18 -29 75 -29
75 0 18 0
75 0 75 -29
76 42 76 81
76 42 78 42
78 81 76 81
78 81 78 42
-1 1 -1 95
-1 1 54 1
54 95 -1 95
54 95 54 1
-62 -50 -62 32
-62 -50 -48 -50
-48 32 -62 32
-48 32 -48 -50
-36 88 -36 126
-36 88 15 88
15 126 -36 126
15 126 15 88
81 0 81 82
81 0 126 0
126 82 81 82
126 82 126 0
-23 42 -23 77
-23 42 -22 42
-22 77 -23 77
-22 77 -22 42
-64 -40 -64 -27
-64 -40 -26 -40
-26 -27 -64 -27
-26 -27 -26 -40
-27 29 -27 70
-27 29 50 29
50 70 -27 70
50 70 50 29
90 -9 90 40
90 -9 155 -9
155 40 90 40
155 40 155 -9
53 89 53 109
53 89 81 89
81 109 53 109
81 109 81 89
-40 -22 -40 51
-40 -22 -38 -22
-38 51 -40 51
-38 51 -38 -22
-50 -41 -50 2
-50 -41 -20 -41
-20 2 -50 2
-20 2 -20 -41
29 -2 29 13
29 -2 123 -2
123 13 29 13
123 13 123 -2
-35 96 -35 100
-35 96 -17 96
-17 100 -35 100
-17 100 -17 96
7 -15 7 14
7 -15 43 -15
43 14 7 14
43 14 43 -15
91 9 91 18
91 9 97 9
97 18 91 18
97 18 97 9
5 -23 5 22
5 -23 37 -23
37 22 5 22
37 22 37 -23
96 -27 96 44
96 -27 132 -27
132 44 96 44
132 44 132 -27
-28 15 -28 115
-28 15 0 15
0 115 -28 115
0 115 0 15
-16 5 -16 65
-16 5 3 5
3 65 -16 65
3 65 3 5
-18 7 -18 18
-18 7 47 7
47 18 -18 18
47 18 47 7
84 16 84 41
84 16 123 16
123 41 84 41
123 41 123 16
41 -20 41 52
41 -20 68 -20
68 52 41 52
68 52 68 -20
74 83 74 157
74 83 104 83
104 157 74 157
104 157 104 83
6 42 6 137
6 42 16 42
16 137 6 137
16 137 16 42
-11 -45 -11 35
-11 -45 70 -45
70 35 -11 35
70 35 70 -45
-55 -23 -55 0
-55 -23 -16 -23
-16 0 -55 0
-16 0 -16 -23
-73 -21 -73 71
-73 -21 15 -21
15 71 -73 71
15 71 15 -21
17 50 17 119
17 50 83 50
83 119 17 119
83 119 83 50
-74 -5 -74 75
-74 -5 -33 -5
-33 75 -74 75
-33 75 -33 -5
56 -30 56 48
56 -30 142 -30
142 48 56 48
142 48 142 -30
1 76 1 128
1 76 35 76
35 128 1 128
35 128 35 76
-63 -51 -63 -23
-63 -51 -57 -51
-57 -23 -63 -23
-57 -23 -57 -51
37 74 37 153
37 74 119 74
119 153 37 153
119 153 119 74
-11 -71 -11 -47
-11 -71 27 -71
27 -47 -11 -47
27 -47 27 -71
45 37 45 87
45 37 46 37
46 87 45 87
46 87 46 37
-63 31 -63 40
-63 31 -41 31
-41 40 -63 40
-41 40 -41 31
11 41 11 90
11 41 72 41
72 90 11 90
72 90 72 41
-28 -4 -28 1
-28 -4 -18 -4
-18 1 -28 1
-18 1 -18 -4
21 -91 21 -30
21 -91 33 -91
33 -30 21 -30
33 -30 33 -91
12 -3 12 63
12 -3 98 -3
98 63 12 63
98 63 98 -3
-18 52 -18 144
-18 52 23 52
23 144 -18 144
23 144 23 52
-72 -2 -72 91
-72 -2 -14 -2
-14 91 -72 91
-14 91 -14 -2
-15 33 -15 108
-15 33 85 33
85 108 -15 108
85 108 85 33
25 23 25 46
25 23 36 23
36 46 25 46
36 46 36 23
-55 47 -55 95
-55 47 -26 47
-26 95 -55 95
-26 95 -26 47
18 51 18 123
18 51 112 51
112 123 18 123
112 123 112 51
-4 -19 -4 61
-4 -19 55 -19
55 61 -4 61
55 61 55 -19
44 36 44 122
44 36 121 36
121 122 44 122
121 122 121 36
6 -48 6 39
6 -48 39 -48
39 39 6 39
39 39 39 -48
73 61 73 130
73 61 165 61
165 130 73 130
165 130 165 61
-7 2 -7 86
-7 2 13 2
13 86 -7 86
13 86 13 2
59 23 59 49
59 23 120 23
120 49 59 49
120 49 120 23
67 24 67 94
67 24 160 24
160 94 67 94
160 94 160 24
-11 84 -11 89
-11 84 30 84
30 89 -11 89
30 89 30 84
5 25 5 48
5 25 30 25
30 48 5 48
30 48 30 25
-93 -18 -93 69
-93 -18 -77 -18
-77 69 -93 69
-77 69 -77 -18
-19 -6 -19 -5
-19 -6 58 -6
58 -5 -19 -5
58 -5 58 -6
22 19 22 97
22 19 58 19
58 97 22 97
58 97 58 19
58 -83 58 -62
58 -83 116 -83
116 -62 58 -62
116 -62 116 -83
-62 37 -62 96
-62 37 -56 37
-56 96 -62 96
-56 96 -56 37
-29 11 -29 108
-29 11 -20 11
-20 108 -29 108
-20 108 -20 11
41 -55 41 -28
41 -55 136 -55
136 -28 41 -28
136 -28 136 -55
20 -75 20 20
20 -75 53 -75
53 20 20 20
53 20 53 -75
-9 -29 -9 4
-9 -29 3 -29
3 4 -9 4
3 4 3 -29
-75 68 -75 122
-75 68 -54 68
-54 122 -75 122
-54 122 -54 68
86 21 86 56
86 21 186 21
186 56 86 56
186 56 186 21
-25 -34 -25 -24
-25 -34 25 -34
25 -24 -25 -24
25 -24 25 -34
-31 4 -31 56
-31 4 -25 4
-25 56 -31 56
-25 56 -25 4
22 -72 22 -4
22 -72 103 -72
103 -4 22 -4
103 -4 103 -72
-80 70 -80 142
-80 70 -67 70
-67 142 -80 142
-67 142 -67 70
-65 -11 -65 41
-65 -11 -21 -11
-21 41 -65 41
-21 41 -21 -11
-79 -1 -79 5
-79 -1 -76 -1
-76 5 -79 5
-76 5 -76 -1
61 -24 61 4
61 -24 129 -24
129 4 61 4
129 4 129 -24
-43 23 -43 104
-43 23 -13 23
-13 104 -43 104
-13 104 -13 23
86 75 86 173
86 75 156 75
156 173 86 173
156 173 156 75
4 21 4 110
4 21 62 21
62 110 4 110
62 110 62 21
-81 15 -81 53
-81 15 -68 15
-68 53 -81 53
-68 53 -68 15
33 45 33 106
33 45 117 45
117 106 33 106
117 106 117 45
39 43 39 82
39 43 69 43
69 82 39 82
69 82 69 43
45 -1 45 12
45 -1 80 -1
80 12 45 12
80 12 80 -1
10 -37 10 -32
10 -37 72 -37
72 -32 10 -32
72 -32 72 -37
-34 -65 -34 -61
-34 -65 26 -65
26 -61 -34 -61
26 -61 26 -65
8 -7 8 15
8 -7 65 -7
65 15 8 15
65 15 65 -7
89 -1 89 70
89 -1 133 -1
133 70 89 70
133 70 133 -1
-58 74 -58 167
-58 74 -40 74
-40 167 -58 167
-40 167 -40 74
76 -15 76 26
76 -15 127 -15
127 26 76 26
127 26 127 -15
-16 -87 -16 -74
-16 -87 8 -87
8 -74 -16 -74
8 -74 8 -87
53 22 53 87
53 22 92 22
92 87 53 87
92 87 92 22
-84 40 -84 72
-84 40 -63 40
-63 72 -84 72
-63 72 -63 40
-47 -8 -47 -1
-47 -8 -42 -8
-42 -1 -47 -1
-42 -1 -42 -8
66 -35 66 5
66 -35 94 -35
94 5 66 5
94 5 94 -35
-83 -22 -83 70
-83 -22 -82 -22
-82 70 -83 70
-82 70 -82 -22
-70 -52 -70 -9
-70 -52 -28 -52
-28 -9 -70 -9
-28 -9 -28 -52
25 83 25 161
25 83 61 83
61 161 25 161
61 161 61 83
-68 79 -68 89
-68 79 -31 79
-31 89 -68 89
-31 89 -31 79
-61 35 -61 48
-61 35 -46 35
-46 48 -61 48
-46 48 -46 35
11 -74 11 -52
11 -74 106 -74
106 -52 11 -52
106 -52 106 -74
-81 56 -81 88
-81 56 -70 56
-70 88 -81 88
-70 88 -70 56
-37 34 -37 127
-37 34 -12 34
-12 127 -37 127
-12 127 -12 34
-5 -26 -5 -9
-5 -26 -1 -26
-1 -9 -5 -9
-1 -9 -1 -26
49 -41 49 -21
49 -41 131 -41
131 -21 49 -21
131 -21 131 -41
-9 58 -9 59
-9 58 70 58
70 59 -9 59
70 59 70 58
1 3 1 32
1 3 48 3
48 32 1 32
48 32 48 3
-81 -71 -81 -68
-81 -71 -18 -71
-18 -68 -81 -68
-18 -68 -18 -71
2 11 2 27
2 11 63 11
63 27 2 27
63 27 63 11
-47 12 -47 107
-47 12 -3 12
-3 107 -47 107
-3 107 -3 12
-79 28 -79 47
-79 28 -60 28
-60 47 -79 47
-60 47 -60 28
0 -18 0 6
0 -18 47 -18
47 6 0 6
47 6 47 -18
-19 -72 -19 -26
-19 -72 -13 -72
-13 -26 -19 -26
-13 -26 -13 -72
-60 62 -60 156
-60 62 -21 62
-21 156 -60 156
-21 156 -21 62
-75 -82 -75 -44
-75 -82 -47 -82
-47 -44 -75 -44
-47 -44 -47 -82
-29 -73 -29 -44
-29 -73 60 -73
60 -44 -29 -44
60 -44 60 -73
-44 -87 -44 -81
-44 -87 -32 -87
-32 -81 -44 -81
-32 -81 -32 -87
-92 -51 -92 -20
-92 -51 -81 -51
-81 -20 -92 -20
-81 -20 -81 -51
49 80 49 173
49 80 56 80
56 173 49 173
56 173 56 80
-14 -49 -14 -43
-14 -49 16 -49
16 -43 -14 -43
16 -43 16 -49
-12 -56 -12 -52
-12 -56 -3 -56
-3 -52 -12 -52
-3 -52 -3 -56
83 -17 83 37
83 -17 95 -17
95 37 83 37
95 37 95 -17
-9 66 -9 139
-9 66 21 66
21 139 -9 139
21 139 21 66
44 -51 44 -11
44 -51 133 -51
133 -11 44 -11
133 -11 133 -51
-67 -74 -67 2
-67 -74 -61 -74
-61 2 -67 2
-61 2 -61 -74
-56 21 -56 27
-56 21 -37 21
-37 27 -56 27
-37 27 -37 21
-62 -95 -62 -86
-62 -95 22 -95
22 -86 -62 -86
22 -86 22 -95
57 28 57 116
57 28 103 28
103 116 57 116
103 116 103 28
-21 -77 -21 -51
-21 -77 42 -77
42 -51 -21 -51
42 -51 42 -77
-71 6 -71 69
-71 6 -50 6
-50 69 -71 69
-50 69 -50 6
43 -54 43 -40
43 -54 100 -54
100 -40 43 -40
100 -40 100 -54
82 1 82 14
82 1 104 1
104 14 82 14
104 14 104 1
64 67 64 98
64 67 159 67
159 98 64 98
159 98 159 67
-44 -10 -44 60
-44 -10 28 -10
28 60 -44 60
28 60 28 -10
86 -6 86 3
86 -6 105 -6
105 3 86 3
105 3 105 -6
65 -48 65 -47
65 -48 85 -48
85 -47 65 -47
85 -47 85 -48
5 68 5 92
5 68 20 68
20 92 5 92
20 92 20 68
-85 8 -85 12
-85 8 -67 8
-67 12 -85 12
-67 12 -67 8
-30 -46 -30 -42
-30 -46 66 -46
66 -42 -30 -42
66 -42 66 -46
87 -88 87 12
87 -88 159 -88
159 12 87 12
159 12 159 -88
0 -63 0 -48
0 -63 3 -63
3 -48 0 -48
3 -48 3 -63
-72 -35 -72 -30
-72 -35 -65 -35
-65 -30 -72 -30
-65 -30 -65 -35
-22 83 -22 98
-22 83 -10 83
-10 98 -22 98
-10 98 -10 83
-19 19 -19 21
-19 19 -18 19
-18 21 -19 21
-18 21 -18 19
37 -80 37 -65
37 -80 110 -80
110 -65 37 -65
110 -65 110 -80
68 68 68 124
68 68 122 68
122 124 68 124
122 124 122 68
-80 3 -80 26
-80 3 -55 3
-55 26 -80 26
-55 26 -55 3
24 -53 24 -26
24 -53 48 -53
48 -26 24 -26
48 -26 48 -53
80 20 80 81
80 20 141 20
141 81 80 81
141 81 141 20
-43 -35 -43 -31
-43 -35 9 -35
9 -31 -43 -31
9 -31 9 -35
-44 69 -44 126
-44 69 -41 69
-41 126 -44 126
-41 126 -41 69
-22 81 25 81
46 16 61 16
-65 -84 -65 -62
79 -31 122 -31
-45 43 3 43
-21 -39 -21 -18
73 -4 73 48
-93 -48 -30 -48
-91 -3 -60 -3
67 -3 67 20
-25 -59 -25 -45
-69 -21 -69 71
-31 -7 -2 -7
10 -22 77 -22
10 36 10 72
-6 -57 -6 6
-19 60 -19 71
-23 -48 -23 -33
-12 -2 15 -2
-24 -52 -24 28
-32 -22 -32 59
14 -65 14 -64
-51 29 -51 75
-20 -62 -4 -62
-52 -8 -52 23
26 53 26 54
8 -20 11 -20
-15 -41 17 -41
16 -10 16 18
17 -59 17 -49
29 22 29 50
-5 4 -5 94
-63 4 -63 29
73 35 135 35
44 14 64 14
-35 -21 -35 16
2 -33 8 -33
77 -54 77 -52
-48 24 -21 24
-22 55 68 55
1 -33 1 -27
43 -24 43 -23
42 43 42 115
-56 -34 -56 -2
-82 21 -57 21
-7 36 11 36
45 -75 45 -54
-66 18 -26 18
-43 37 -20 37
-45 30 -45 62
46 5 46 27
-62 29 -45 29
25 -84 60 -84
-12 -23 -12 -11
66 32 66 118
88 36 88 88
-11 -78 78 -78
-61 7 -28 7
-70 -33 -60 -33
50 -34 85 -34
50 79 50 80
53 46 113 46
-63 50 -23 50
60 60 159 60
16 -82 104 -82
71 -16 132 -16
39 47 98 47
-37 -32 4 -32
49 -21 49 66
38 -26 38 22
-42 -58 -42 -53
48 42 48 79
-49 -60 -38 -60
-52 -83 -52 -33
-10 8 -10 19
-19 21 -19 52
-58 17 -58 57
-89 -46 -38 -46
-21 -11 20 -11
-30 37 -30 124
31 31 66 31
69 -12 69 43
49 4 51 4
8 32 8 58
14 26 32 26
-15 -18 -15 33
22 -12 93 -12
-14 -28 10 -28
-37 0 -37 3
-41 66 -17 66
48 -26 48 -4
-27 -48 -27 -16
71 16 71 69
56 -40 56 -36
66 15 84 15
4 -33 4 16
35 50 35 69
16 -78 16 -52
78 -91 154 -91
97 43 116 43
19 -19 19 -13
-15 21 -11 21
17 71 104 71
-87 21 -87 43
-54 -13 -54 48
-53 -86 -53 -63
21 37 34 37
14 73 14 170
7 24 7 72
-52 24 -52 47
-7 -53 -7 -52
-13 -36 36 -36
40 8 60 8
-42 -63 -2 -63
65 34 65 109
-56 -54 -5 -54
14 -96 19 -96
-36 -62 -36 -28
47 37 47 120
42 66 71 66
13 -59 13 -8
-1 24 3 24
17 -49 55 -49
-12 -58 48 -58
57 -28 57 -21
64 -94 64 -70
5 -60 5 -31
-30 -18 -25 -18
1 48 1 51
53 6 142 6
-88 -29 -88 45
82 -32 116 -32
-6 -68 38 -68
-64 -24 -64 45
-37 -53 11 -53
-19 -79 60 -79
32 3 32 89
4 -70 36 -70
-66 20 -66 84
70 83 70 143
-36 57 4 57
69 7 90 7
78 -8 107 -8
-2 -29 -2 -21
64 -67 75 -67
6 -14 38 -14
-90 -35 -90 -12
36 70 36 127
18 40 24 40
-42 -6 -28 -6
-8 44 8 44
85 -24 85 -19
-17 -82 -8 -82
-20 -57 60 -57
17 -19 17 50
47 -35 48 -35
-87 25 -74 25
-30 -33 -11 -33
-49 -36 -49 14
30 -80 30 -79
77 -49 132 -49
-54 54 18 54
-60 -55 -34 -55
37 39 37 47
-63 -20 -37 -20
14 5 56 5
94 19 94 88
-68 -42 -50 -42
30 -58 30 8
53 -26 56 -26
-19 -30 -16 -30
41 62 41 67
56 88 111 88
-18 -15 -4 -15
-57 -73 -51 -73
-68 -45 -16 -45
59 55 59 121
32 -37 32 -5
-86 1 -86 86
-2 -5 -2 -2
8 -33 35 -33
-6 14 -6 30
-36 40 -28 40
12 77 12 165
42 75 68 75
58 -36 157 -36
26 -48 26 23
-10 49 -10 68
-71 72 -71 86
71 -20 112 -20
45 -95 109 -95
28 -30 28 -11
68 -29 68 -25
36 -27 74 -27
-68 17 -60 17
1 78 98 78
19 -56 36 -56
-44 -47 -44 -37
-32 51 -15 51
30 16 46 16
67 -84 122 -84
-65 80 -41 80
-57 16 -57 34
-1 -53 -1 -47
40 67 40 74
24 68 24 71
-54 52 -27 52
-51 -10 -51 -1
34 -35 34 49
-69 20 -61 20
9 12 9 24
-76 92 -24 92
-95 63 -74 63
-38 -51 -34 -51
-65 60 -65 113
-45 -29 -45 -12
38 22 38 104
32 -64 103 -64
-17 -14 -17 3
-65 -30 -46 -30
10 -85 10 -47
25 63 25 72
-61 59 -58 59
-35 73 -28 73
-46 67 -46 74
13 86 13 139
-41 -35 -41 -15
8 -52 8 -18
-41 5 -32 5
2 -76 45 -76
6 43 36 43
53 -18 63 -18
-61 62 -61 155
-72 61 -32 61
-13 63 -8 63
4 41 5 41
28 75 28 163
-26 -16 -26 44
19 -93 19 -51
67 -39 152 -39
85 80 107 80
10 2 10 26
-45 -77 -45 -32
-43 -2 -43 10
-63 24 -54 24
84 -24 84 12
48 65 80 65
38 2 125 2
35 -18 35 5
10 -60 84 -60
-59 -48 -59 -33
-36 3 -23 3
-59 -80 25 -80
-84 96 -84 115
75 38 75 85
67 -30 67 -4
10 77 10 140
-28 -64 24 -64
-56 -14 -47 -14
-21 53 29 53
49 -61 49 -49
-7 77 45 77
-16 79 -16 123
-94 13 -94 25
-42 69 -42 153
-66 -59 -66 -10
45 -33 45 -19
21 45 25 45
-52 49 -52 57
81 72 172 72
-67 10 -21 10
75 -70 85 -70
27 9 47 9
-11 41 -11 79
-79 51 -62 51
29 59 29 133
50 -58 50 -23
-16 74 -10 74
79 34 79 59
70 36 70 54
34 97 34 140
-18 40 -17 40
-79 -75 -38 -75
-34 -58 -34 -17
-71 -55 -71 -15
21 -25 21 -14
-77 30 -74 30
-2 -45 -2 -37
9 -9 30 -9
-37 39 -6 39
30 -71 117 -71
42 26 66 26
89 -71 89 -5
-30 -7 -30 22
8 16 8 28
-53 52 -53 138
-11 51 2 51
-4 -92 12 -92
-79 13 -44 13
-59 35 -59 80
