1000
10 23 10 117
10 23 104 23
104 117 10 117
104 117 104 23
-52 51 -52 115
-52 51 46 51
46 115 -52 115
46 115 46 51
26 -2 26 5
26 -2 105 -2
105 5 26 5
105 5 105 -2
-29 -25 -29 25
-29 -25 35 -25
35 25 -29 25
35 25 35 -25
63 -50 63 -46
63 -50 139 -50
139 -46 63 -46
139 -46 139 -50
1 -57 1 14
1 -57 6 -57
6 14 1 14
6 14 6 -57
-60 2 -60 57
-60 2 -7 2
-7 57 -60 57
-7 57 -7 2
23 -49 23 -26
23 -49 45 -49
45 -26 23 -26
45 -26 45 -49
-6 -42 -6 41
-6 -42 68 -42
68 41 -6 41
68 41 68 -42
-19 -4 -19 56
-19 -4 66 -4
66 56 -19 56
66 56 66 -4
19 36 19 82
19 36 73 36
73 82 19 82
73 82 73 36
20 9 20 63
20 9 64 9
64 63 20 63
64 63 64 9
42 54 42 153
42 54 128 54
128 153 42 153
128 153 128 54
-85 3 -85 96
-85 3 -30 3
-30 96 -85 96
-30 96 -30 3
-90 -10 -90 27
-90 -10 -33 -10
-33 27 -90 27
-33 27 -33 -10
-13 -64 -13 -10
-13 -64 67 -64
67 -10 -13 -10
67 -10 67 -64
-37 63 -37 149
-37 63 5 63
5 149 -37 149
5 149 5 63
25 -6 25 11
25 -6 118 -6
118 11 25 11
118 11 118 -6
29 0 29 16
29 0 45 0
45 16 29 16
45 16 45 0
14 62 14 123
14 62 108 62
108 123 14 123
108 123 108 62
93 -11 93 65
93 -11 131 -11
131 65 93 65
131 65 131 -11
82 58 82 66
82 58 111 58
111 66 82 66
111 66 111 58
-25 -3 -25 17
-25 -3 59 -3
59 17 -25 17
59 17 59 -3
-9 20 -9 73
-9 20 22 20
22 73 -9 73
22 73 22 20
-20 54 -20 147
-20 54 -15 54
-15 147 -20 147
-15 147 -15 54
-56 -21 -56 50
-56 -21 -28 -21
-28 50 -56 50
-28 50 -28 -21
14 -44 14 -41
14 -44 112 -44
112 -41 14 -41
112 -41 112 -44
28 -22 28 12
28 -22 31 -22
31 12 28 12
31 12 31 -22
-42 -50 -42 -33
-42 -50 7 -50
7 -33 -42 -33
7 -33 7 -50
21 30 21 86
21 30 65 30
65 86 21 86
65 86 65 30
-73 90 -73 145
-73 90 26 90
26 145 -73 145
26 145 26 90
-10 22 -10 26
-10 22 6 22
6 26 -10 26
6 26 6 22
-35 -22 -35 -1
-35 -22 -11 -22
-11 -1 -35 -1
-11 -1 -11 -22
40 -7 40 80
40 -7 77 -7
77 80 40 80
77 80 77 -7
-31 -40 -31 19
-31 -40 8 -40
8 19 -31 19
8 19 8 -40
-9 -46 -9 -12
-9 -46 42 -46
42 -12 -9 -12
42 -12 42 -46
0 -23 0 61
0 -23 44 -23
44 61 0 61
44 61 44 -23
-7 -21 -7 -18
-7 -21 12 -21
12 -18 -7 -18
12 -18 12 -21
35 27 35 49
35 27 82 27
82 49 35 49
82 49 82 27
60 44 60 85
60 44 136 44
136 85 60 85
136 85 136 44
-43 1 -43 33
-43 1 17 1
17 33 -43 33
17 33 17 1
-17 -13 -17 24
-17 -13 36 -13
36 24 -17 24
36 24 36 -13
-93 66 -93 92
-93 66 -51 66
-51 92 -93 92
-51 92 -51 66
-46 -90 -46 -46
-46 -90 -16 -90
-16 -46 -46 -46
-16 -46 -16 -90
33 -18 33 53
33 -18 37 -18
37 53 33 53
37 53 37 -18
24 20 24 66
24 20 54 20
54 66 24 66
54 66 54 20
-66 -79 -66 12
-66 -79 -4 -79
-4 12 -66 12
-4 12 -4 -79
25 22 25 34
25 22 49 22
49 34 25 34
49 34 49 22
-62 -18 -62 45
-62 -18 -37 -18
-37 45 -62 45
-37 45 -37 -18
-58 -34 -58 5
-58 -34 -27 -34
-27 5 -58 5
-27 5 -27 -34
46 -30 46 -24
46 -30 50 -30
50 -24 46 -24
50 -24 50 -30
-91 83 -91 156
-91 83 -49 83
-49 156 -91 156
-49 156 -49 83
54 -66 54 -15
54 -66 149 -66
149 -15 54 -15
149 -15 149 -66
-11 60 -11 141
-11 60 72 60
72 141 -11 141
72 141 72 60
-81 86 -81 138
-81 86 9 86
9 138 -81 138
9 138 9 86
40 -85 40 -54
40 -85 97 -85
97 -54 40 -54
97 -54 97 -85
13 40 13 100
13 40 71 40
71 100 13 100
71 100 71 40
18 -43 18 45
18 -43 55 -43
55 45 18 45
55 45 55 -43
83 -10 83 56
83 -10 170 -10
170 56 83 56
170 56 170 -10
8 36 8 83
8 36 15 36
15 83 8 83
15 83 15 36
-45 24 -45 26
-45 24 -27 24
-27 26 -45 26
-27 26 -27 24
81 -80 81 -51
81 -80 139 -80
139 -51 81 -51
139 -51 139 -80
75 -33 75 2
75 -33 150 -33
150 2 75 2
150 2 150 -33
-15 -38 -15 -36
-15 -38 82 -38
82 -36 -15 -36
82 -36 82 -38
41 29 41 109
41 29 50 29
50 109 41 109
50 109 50 29
2 -60 2 18
2 -60 70 -60
70 18 2 18
70 18 70 -60
72 -5 72 32
72 -5 119 -5
119 32 72 32
119 32 119 -5
-75 36 -75 61
-75 36 -39 36
-39 61 -75 61
-39 61 -39 36
58 39 58 57
58 39 110 39
110 57 58 57
110 57 110 39
25 52 25 127
25 52 84 52
84 127 25 127
84 127 84 52
-12 32 -12 55
-12 32 43 32
43 55 -12 55
43 55 43 32
-23 -20 -23 35
-23 -20 15 -20
15 35 -23 35
15 35 15 -20
-20 13 -20 43
-20 13 27 13
27 43 -20 43
27 43 27 13
-29 49 -29 53
-29 49 -13 49
-13 53 -29 53
-13 53 -13 49
9 47 9 77
9 47 51 47
51 77 9 77
51 77 51 47
6 49 6 111
6 49 12 49
12 111 6 111
12 111 12 49
4 -14 4 -9
4 -14 74 -14
74 -9 4 -9
74 -9 74 -14
15 83 15 129
15 83 29 83
29 129 15 129
29 129 29 83
-75 -30 -75 23
-75 -30 -67 -30
-67 23 -75 23
-67 23 -67 -30
61 46 61 122
61 46 70 46
70 122 61 122
70 122 70 46
62 84 62 136
62 84 99 84
99 136 62 136
99 136 99 84
30 43 30 130
30 43 78 43
78 130 30 130
78 130 78 43
-55 38 -55 98
-55 38 -1 38
-1 98 -55 98
-1 98 -1 38
-2 -27 -2 4
-2 -27 80 -27
80 4 -2 4
80 4 80 -27
32 48 32 102
32 48 101 48
101 102 32 102
101 102 101 48
18 70 18 138
18 70 45 70
45 138 18 138
45 138 45 70
-23 -69 -23 -67
-23 -69 11 -69
11 -67 -23 -67
11 -67 11 -69
66 -69 66 -20
66 -69 76 -69
76 -20 66 -20
76 -20 76 -69
53 8 53 104
53 8 69 8
69 104 53 104
69 104 69 8
0 -32 0 -31
0 -32 41 -32
41 -31 0 -31
41 -31 41 -32
-73 -24 -73 42
-73 -24 -34 -24
-34 42 -73 42
-34 42 -34 -24
57 -13 57 28
57 -13 73 -13
73 28 57 28
73 28 73 -13
82 -79 82 -40
82 -79 84 -79
84 -40 82 -40
84 -40 84 -79
7 3 7 7
7 3 103 3
103 7 7 7
103 7 103 3
-7 64 -7 132
-7 64 -5 64
-5 132 -7 132
-5 132 -5 64
-9 11 -9 16
-9 11 23 11
23 16 -9 16
23 16 23 11
-14 -91 -14 -86
-14 -91 54 -91
54 -86 -14 -86
54 -86 54 -91
43 64 43 107
43 64 81 64
81 107 43 107
81 107 81 64
-71 -16 -71 13
-71 -16 -45 -16
-45 13 -71 13
-45 13 -45 -16
9 -1 9 2
9 -1 71 -1
71 2 9 2
71 2 71 -1
58 20 58 25
58 20 154 20
154 25 58 25
154 25 154 20
-8 -2 -8 31
-8 -2 -5 -2
-5 31 -8 31
-5 31 -5 -2
21 -48 21 -7
21 -48 32 -48
32 -7 21 -7
32 -7 32 -48
33 -47 33 -22
33 -47 111 -47
111 -22 33 -22
111 -22 111 -47
74 53 74 68
74 53 159 53
159 68 74 68
159 68 159 53
77 -70 77 -48
77 -70 156 -70
156 -48 77 -48
156 -48 156 -70
27 71 27 93
27 71 110 71
110 93 27 93
110 93 110 71
-47 -2 -47 84
-47 -2 -14 -2
-14 84 -47 84
-14 84 -14 -2
-16 28 -16 62
-16 28 -2 28
-2 62 -16 62
-2 62 -2 28
85 31 85 120
85 31 112 31
112 120 85 120
112 120 112 31
84 -16 84 9
84 -16 96 -16
96 9 84 9
96 9 96 -16
-46 79 -46 133
-46 79 49 79
49 133 -46 133
49 133 49 79
-70 -65 -70 -6
-70 -65 -61 -65
-61 -6 -70 -6
-61 -6 -61 -65
-84 -20 -84 19
-84 -20 -72 -20
-72 19 -84 19
-72 19 -72 -20
-56 71 -56 137
-56 71 0 71
0 137 -56 137
0 137 0 71
-17 76 -17 92
-17 76 16 76
16 92 -17 92
16 92 16 76
-72 87 -72 146
-72 87 19 87
19 146 -72 146
19 146 19 87
47 -31 47 -21
47 -31 123 -31
123 -21 47 -21
123 -21 123 -31
-63 18 -63 73
-63 18 -24 18
-24 73 -63 73
-24 73 -24 18
48 83 48 113
48 83 88 83
88 113 48 113
88 113 88 83
-2 -63 -2 -28
-2 -63 26 -63
26 -28 -2 -28
26 -28 26 -63
-59 14 -59 28
-59 14 -38 14
-38 28 -59 28
-38 28 -38 14
-63 -12 -63 -7
-63 -12 -50 -12
-50 -7 -63 -7
-50 -7 -50 -12
52 88 52 155
52 88 83 88
83 155 52 155
83 155 83 88
-33 32 -33 99
-33 32 -26 32
-26 99 -33 99
-26 99 -26 32
-38 -94 -38 -68
-38 -94 37 -94
37 -68 -38 -68
37 -68 37 -94
-50 -7 -50 89
-50 -7 -42 -7
-42 89 -50 89
-42 89 -42 -7
64 75 64 146
64 75 151 75
151 146 64 146
151 146 151 75
-87 11 -87 74
-87 11 -80 11
-80 74 -87 74
-80 74 -80 11
81 -4 81 10
81 -4 114 -4
114 10 81 10
114 10 114 -4
57 69 57 128
57 69 113 69
113 128 57 128
113 128 113 69
-89 52 -89 124
-89 52 -28 52
-28 124 -89 124
-28 124 -28 52
-54 29 -54 85
-54 29 -45 29
-45 85 -54 85
-45 85 -45 29
-53 -37 -53 0
-53 -37 -3 -37
-3 0 -53 0
-3 0 -3 -37
86 14 86 76
86 14 152 14
152 76 86 76
152 76 152 14
9 -76 9 -19
9 -76 16 -76
16 -19 9 -19
16 -19 16 -76
-38 -31 -38 -29
-38 -31 -18 -31
-18 -29 -38 -29
-18 -29 -18 -31
4 28 4 101
4 28 56 28
56 101 4 101
56 101 56 28
28 -65 28 -53
28 -65 102 -65
102 -53 28 -53
102 -53 102 -65
41 -29 41 24
41 -29 135 -29
135 24 41 24
135 24 135 -29
-86 -13 -86 20
-86 -13 -68 -13
-68 20 -86 20
-68 20 -68 -13
-94 -11 -94 -6
-94 -11 -78 -11
-78 -6 -94 -6
-78 -6 -78 -11
-2 88 -2 172
-2 88 24 88
24 172 -2 172
24 172 24 88
95 -88 95 -43
95 -88 167 -88
167 -43 95 -43
167 -43 167 -88
-22 68 -22 161
-22 68 68 68
68 161 -22 161
68 161 68 68
-26 -92 -26 -74
-26 -92 45 -92
45 -74 -26 -74
45 -74 45 -92
16 -11 16 -8
16 -11 87 -11
87 -8 16 -8
87 -8 87 -11
-71 78 -71 117
-71 78 -21 78
-21 117 -71 117
-21 117 -21 78
-24 -61 -24 -6
-24 -61 -1 -61
-1 -6 -24 -6
-1 -6 -1 -61
87 -79 87 -58
87 -79 145 -79
145 -58 87 -58
145 -58 145 -79
-4 31 -4 57
-4 31 39 31
39 57 -4 57
39 57 39 31
-48 -51 -48 -35
-48 -51 13 -51
13 -35 -48 -35
13 -35 13 -51
-15 -26 -15 23
-15 -26 10 -26
10 23 -15 23
10 23 10 -26
-81 16 -81 24
-81 16 -52 16
-52 24 -81 24
-52 24 -52 16
-26 -65 -26 -24
-26 -65 11 -65
11 -24 -26 -24
11 -24 11 -65
55 50 55 74
55 50 120 50
120 74 55 74
120 74 120 50
-38 39 -38 102
-38 39 -31 39
-31 102 -38 102
-31 102 -31 39
34 -45 34 -35
34 -45 125 -45
125 -35 34 -35
125 -35 125 -45
65 -26 65 12
65 -26 79 -26
79 12 65 12
79 12 79 -26
75 8 75 19
75 8 141 8
141 19 75 19
141 19 141 8
22 -62 22 -40
22 -62 57 -62
57 -40 22 -40
57 -40 57 -62
81 28 81 40
81 28 124 28
124 40 81 40
124 40 124 28
34 73 34 144
34 73 89 73
89 144 34 144
89 144 89 73
28 42 28 92
28 42 38 42
38 92 28 92
38 92 38 42
43 -19 43 -17
43 -19 138 -19
138 -17 43 -17
138 -17 138 -19
-58 -66 -58 -59
-58 -66 6 -66
6 -59 -58 -59
6 -59 6 -66
-1 6 -1 10
-1 6 39 6
39 10 -1 10
39 10 39 6
-69 -73 -69 21
-69 -73 -57 -73
-57 21 -69 21
-57 21 -57 -73
-58 23 -58 79
-58 23 -46 23
-46 79 -58 79
-46 79 -46 23
-74 -61 -74 -40
-74 -61 -62 -61
-62 -40 -74 -40
-62 -40 -62 -61
45 42 45 44
45 42 60 42
60 44 45 44
60 44 60 42
79 34 79 103
79 34 91 34
91 103 79 103
91 103 91 34
47 -52 47 -50
47 -52 58 -52
58 -50 47 -50
58 -50 58 -52
-99 47 -99 85
-99 47 -72 47
-72 85 -99 85
-72 85 -72 47
-23 44 -23 46
-23 44 25 44
25 46 -23 46
25 46 25 44
-24 77 -24 108
-24 77 -13 77
-13 108 -24 108
-13 108 -13 77
-80 -39 -80 -2
-80 -39 -55 -39
-55 -2 -80 -2
-55 -2 -55 -39
-59 -86 -59 -52
-59 -86 -43 -86
-43 -52 -59 -52
-43 -52 -43 -86
-88 33 -88 64
-88 33 -64 33
-64 64 -88 64
-64 64 -64 33
19 -81 19 -77
19 -81 80 -81
80 -77 19 -77
80 -77 80 -81
-52 -54 -52 -41
-52 -54 -23 -54
-23 -41 -52 -41
-23 -41 -23 -54
2 59 2 95
2 59 80 59
80 95 2 95
80 95 80 59
-69 31 -69 49
-69 31 -52 31
-52 49 -69 49
-52 49 -52 31
20 85 20 139
20 85 47 85
47 139 20 139
47 139 47 85
-94 80 -94 148
-94 80 -8 80
-8 148 -94 148
-8 148 -8 80
-45 -76 -45 -71
-45 -76 0 -76
0 -71 -45 -71
0 -71 0 -76
75 72 75 114
75 72 122 72
122 114 75 114
122 114 122 72
49 -57 49 -55
49 -57 72 -57
72 -55 49 -55
72 -55 72 -57
-93 8 -93 9
-93 8 -18 8
-18 9 -93 9
-18 9 -18 8
12 -75 12 -34
12 -75 56 -75
56 -34 12 -34
56 -34 56 -75
82 -27 82 -7
82 -27 144 -27
144 -7 82 -7
144 -7 144 -27
-67 51 -67 108
-67 51 -53 51
-53 108 -67 108
-53 108 -53 51
-6 -53 -6 -52
-6 -53 20 -53
20 -52 -6 -52
20 -52 20 -53
-61 44 -61 129
-61 44 -41 44
-41 129 -61 129
-41 129 -41 44
-79 -47 -79 -14
-79 -47 -8 -47
-8 -14 -79 -14
-8 -14 -8 -47
-4 64 -4 152
-4 64 36 64
36 152 -4 152
36 152 36 64
-44 34 -44 81
-44 34 -32 34
-32 81 -44 81
-32 81 -32 34
74 -67 74 -55
74 -67 163 -67
163 -55 74 -55
163 -55 163 -67
-1 -83 -1 -72
-1 -83 98 -83
98 -72 -1 -72
98 -72 98 -83
54 81 54 133
54 81 132 81
132 133 54 133
132 133 132 81
-89 -31 -89 19
87 37 98 37
-35 8 -35 21
27 -25 27 -24
4 37 46 37
-35 29 34 29
11 79 11 170
-32 -12 -32 6
52 8 52 32
-7 65 -3 65
-50 -36 -50 -21
78 -54 78 -23
65 -18 113 -18
15 26 50 26
-10 51 -10 102
-82 -28 -82 33
-25 61 0 61
1 20 1 60
12 -59 56 -59
0 -43 0 -32
-42 -5 20 -5
85 -75 111 -75
19 -75 19 13
76 54 76 98
24 -61 24 -18
75 -59 75 -48
-3 39 51 39
7 -16 63 -16
7 31 7 73
22 79 22 95
-70 48 -42 48
-13 58 72 58
-4 -17 41 -17
48 53 48 61
5 -96 5 -20
-36 -69 -36 -42
-18 27 -18 83
17 -87 106 -87
-68 60 -49 60
35 -63 35 -56
20 -35 20 -9
46 0 130 0
-39 63 -39 67
-15 -62 1 -62
-12 -29 -12 27
3 17 3 79
51 19 52 19
32 14 32 47
60 -13 60 1
-11 36 7 36
-36 -12 -36 -5
14 -4 14 24
-36 54 -36 154
47 -80 47 -52
-7 -29 6 -29
61 -21 61 12
10 34 25 34
47 92 87 92
55 -61 72 -61
-66 38 -66 73
-22 18 -22 61
-5 -54 -5 -23
11 -3 11 59
-71 -17 -23 -17
-20 -58 4 -58
39 -24 39 -22
13 -13 13 9
37 -33 60 -33
-81 49 -81 84
-33 -85 -33 -34
-48 21 4 21
31 -76 31 -57
36 -67 46 -67
1 -78 62 -78
59 17 59 104
67 43 67 62
-39 -26 -39 4
-69 -27 -41 -27
-30 -25 -30 -15
0 38 22 38
68 -12 127 -12
41 21 117 21
74 33 138 33
30 38 44 38
46 -12 46 18
-16 -45 9 -45
-47 -63 -47 -31
31 -39 98 -39
45 32 57 32
32 -7 32 11
12 28 12 36
72 -64 109 -64
-6 77 7 77
19 -56 54 -56
-12 -61 -12 -36
-14 -52 -14 -41
-36 -4 -36 5
15 -58 36 -58
-53 28 -53 49
-13 22 -13 44
-36 -30 -8 -30
-41 56 -27 56
-38 -62 -38 -46
-40 -46 -40 48
28 -82 28 -67
-65 62 -65 102
-77 18 -77 88
-61 22 -39 22
88 -5 88 35
-36 7 -36 42
23 36 23 128
6 -55 16 -55
22 76 38 76
-12 73 -12 137
17 47 17 105
-91 15 -53 15
-70 37 -4 37
-59 -29 -52 -29
-35 49 -35 149
88 -58 88 -12
19 -80 49 -80
-26 14 -3 14
11 78 79 78
-67 -45 -28 -45
43 4 43 5
-36 -38 -36 -30
-24 -87 2 -87
62 2 62 32
-62 -93 -62 -80
26 -28 58 -28
-31 15 37 15
13 -6 25 -6
6 18 6 19
-79 -55 -21 -55
-49 -55 -49 29
-64 -5 -63 -5
25 -63 25 -54
-21 -14 -21 43
-34 50 -34 85
-27 34 -27 80
-57 -43 -40 -43
-15 70 -12 70
-13 -77 -6 -77
-31 -13 -26 -13
31 31 31 93
-71 49 -71 72
-62 -95 3 -95
48 -30 48 -8
54 -32 66 -32
52 10 56 10
-64 -24 -64 19
71 -22 71 -2
6 -61 42 -61
-3 12 -3 64
-57 64 -57 121
15 -20 16 -20
63 31 63 74
33 60 33 104
-87 -80 -55 -80
65 15 165 15
67 -6 67 -1
-74 -1 -52 -1
51 -40 51 23
51 12 54 12
16 -15 51 -15
-81 40 -30 40
-44 7 -24 7
-79 -50 -71 -50
90 -42 128 -42
37 89 37 123
17 1 95 1
-39 -75 -39 -29
-15 -48 -8 -48
78 -3 127 -3
8 94 8 119
61 45 138 45
-12 48 32 48
-68 -70 -68 -34
-60 -81 -60 -50
-62 77 -36 77
-17 -78 -17 -77
67 86 151 86
8 27 34 27
-48 -13 -48 76
-18 40 3 40
-79 -29 -63 -29
-73 -38 -69 -38
-11 3 -11 11
8 -37 24 -37
-33 -17 -33 -13
80 14 80 56
36 -39 36 -22
7 -73 28 -73
21 -6 21 23
-22 -42 -22 -5
-53 -36 -49 -36
62 -79 62 -54
-83 63 -55 63
91 -20 91 27
-29 39 -29 43
