1000
22 -76 22 0
22 -76 78 -76
78 0 22 0
78 0 78 -76
-60 -57 -60 -41
-60 -57 2 -57
2 -41 -60 -41
2 -41 2 -57
-54 -95 -54 -38
-54 -95 20 -95
20 -38 -54 -38
20 -38 20 -95
4 -75 4 13
4 -75 26 -75
26 13 4 13
26 13 26 -75
0 43 0 107
0 43 32 43
32 107 0 107
32 107 32 43
14 -3 14 29
14 -3 24 -3
24 29 14 29
24 29 24 -3
-4 -72 -4 -37
-4 -72 44 -72
44 -37 -4 -37
44 -37 44 -72
-38 35 -38 133
-38 35 -23 35
-23 133 -38 133
-23 133 -23 35
-37 14 -37 49
-37 14 49 14
49 49 -37 49
49 49 49 14
68 -5 68 63
68 -5 79 -5
79 63 68 63
79 63 79 -5
23 8 23 69
23 8 67 8
67 69 23 69
67 69 67 8
-28 -23 -28 70
-28 -23 48 -23
48 70 -28 70
48 70 48 -23
-32 -20 -32 -18
-32 -20 13 -20
13 -18 -32 -18
13 -18 13 -20
-8 60 -8 74
-8 60 8 60
8 74 -8 74
8 74 8 60
62 -42 62 40
62 -42 90 -42
90 40 62 40
90 40 90 -42
86 -46 86 -6
86 -46 146 -46
146 -6 86 -6
146 -6 146 -46
76 -91 76 -28
76 -91 176 -91
176 -28 76 -28
176 -28 176 -91
-17 56 -17 147
-17 56 18 56
18 147 -17 147
18 147 18 56
-17 31 -17 39
-17 31 30 31
30 39 -17 39
30 39 30 31
-15 50 -15 144
-15 50 80 50
80 144 -15 144
80 144 80 50
-7 -45 -7 -19
-7 -45 46 -45
46 -19 -7 -19
46 -19 46 -45
-49 -7 -49 33
-49 -7 8 -7
8 33 -49 33
8 33 8 -7
-36 41 -36 45
-36 41 51 41
51 45 -36 45
51 45 51 41
53 -30 53 32
53 -30 72 -30
72 32 53 32
72 32 72 -30
15 -43 15 -27
15 -43 33 -43
33 -27 15 -27
33 -27 33 -43
58 3 58 33
58 3 106 3
106 33 58 33
106 33 106 3
19 1 19 62
19 1 76 1
76 62 19 62
76 62 76 1
56 17 56 27
56 17 113 17
113 27 56 27
113 27 113 17
-83 -34 -83 -15
-83 -34 -43 -34
-43 -15 -83 -15
-43 -15 -43 -34
-76 79 -76 150
-76 79 21 79
21 150 -76 150
21 150 21 79
52 -26 52 -20
52 -26 149 -26
149 -20 52 -20
149 -20 149 -26
31 -18 31 -12
31 -18 35 -18
35 -12 31 -12
35 -12 35 -18
9 46 9 86
9 46 20 46
20 86 9 86
20 86 20 46
-35 -14 -35 61
-35 -14 -14 -14
-14 61 -35 61
-14 61 -14 -14
-6 24 -6 123
-6 24 4 24
4 123 -6 123
4 123 4 24
-42 -66 -42 -64
-42 -66 13 -66
13 -64 -42 -64
13 -64 13 -66
13 37 13 53
13 37 31 37
31 53 13 53
31 53 31 37
36 -30 36 36
36 -30 47 -30
47 36 36 36
47 36 47 -30
45 24 45 87
45 24 69 24
69 87 45 87
69 87 69 24
-11 59 -11 98
-11 59 47 59
47 98 -11 98
47 98 47 59
-48 -31 -48 68
-48 -31 -18 -31
-18 68 -48 68
-18 68 -18 -31
-57 -81 -57 -5
-57 -81 -5 -81
-5 -5 -57 -5
-5 -5 -5 -81
-89 -9 -89 5
-89 -9 -55 -9
-55 5 -89 5
-55 5 -55 -9
-74 15 -74 113
-74 15 -71 15
-71 113 -74 113
-71 113 -71 15
39 -27 39 -11
39 -27 117 -27
117 -11 39 -11
117 -11 117 -27
2 -24 2 42
2 -24 89 -24
89 42 2 42
89 42 89 -24
6 -60 6 18
6 -60 43 -60
43 18 6 18
43 18 43 -60
57 -1 57 41
57 -1 71 -1
71 41 57 41
71 41 71 -1
-13 -36 -13 26
-13 -36 9 -36
9 26 -13 26
9 26 9 -36
-46 -67 -46 -33
-46 -67 35 -67
35 -33 -46 -33
35 -33 35 -67
29 -70 29 2
29 -70 94 -70
94 2 29 2
94 2 94 -70
-50 -2 -50 42
-50 -2 -46 -2
-46 42 -50 42
-46 42 -46 -2
-78 83 -78 114
-78 83 -13 83
-13 114 -78 114
-13 114 -13 83
-61 3 -61 64
-61 3 -29 3
-29 64 -61 64
-29 64 -29 3
-51 -43 -51 46
-51 -43 -24 -43
-24 46 -51 46
-24 46 -24 -43
-42 -4 -42 86
-42 -4 -21 -4
-21 86 -42 86
-21 86 -21 -4
-92 -84 -92 -70
-92 -84 -91 -84
-91 -70 -92 -70
-91 -70 -91 -84
42 -22 42 58
42 -22 98 -22
98 58 42 58
98 58 98 -22
-32 -59 -32 -25
-32 -59 64 -59
64 -25 -32 -25
64 -25 64 -59
-62 13 -62 63
-62 13 -12 13
-12 63 -62 63
-12 63 -12 13
21 -7 21 12
21 -7 105 -7
105 12 21 12
105 12 105 -7
55 49 55 105
55 49 148 49
148 105 55 105
148 105 148 49
1 -80 1 -53
1 -80 62 -80
62 -53 1 -53
62 -53 62 -80
6 21 6 97
6 21 82 21
82 97 6 97
82 97 82 21
79 85 79 116
79 85 152 85
152 116 79 116
152 116 152 85
60 -88 60 -47
60 -88 145 -88
145 -47 60 -47
145 -47 145 -88
51 -65 51 -4
51 -65 125 -65
125 -4 51 -4
125 -4 125 -65
50 29 50 101
50 29 128 29
128 101 50 101
128 101 128 29
-26 9 -26 40
-26 9 -10 9
-10 40 -26 40
-10 40 -10 9
96 13 96 81
96 13 97 13
97 81 96 81
97 81 97 13
66 -39 66 28
66 -39 101 -39
101 28 66 28
101 28 101 -39
-44 28 -44 32
-44 28 -40 28
-40 32 -44 32
-40 32 -40 28
31 -5 31 13
31 -5 38 -5
38 13 31 13
38 13 38 -5
50 -9 50 25
50 -9 129 -9
129 25 50 25
129 25 129 -9
36 75 36 96
36 75 53 75
53 96 36 96
53 96 53 75
73 -17 73 38
73 -17 104 -17
104 38 73 38
104 38 104 -17
25 -21 25 57
25 -21 37 -21
37 57 25 57
37 57 37 -21
49 60 49 129
49 60 61 60
61 129 49 129
61 129 61 60
38 76 38 126
38 76 75 76
75 126 38 126
75 126 75 76
-68 31 -68 38
-68 31 -52 31
-52 38 -68 38
-52 38 -52 31
-30 7 -30 67
-30 7 34 7
34 67 -30 67
34 67 34 7
-64 65 -64 87
-64 65 -33 65
-33 87 -64 87
-33 87 -33 65
54 -62 54 20
54 -62 130 -62
130 20 54 20
130 20 130 -62
-33 27 -33 38
-33 27 28 27
28 38 -33 38
28 38 28 27
-57 23 -57 54
-57 23 -4 23
-4 54 -57 54
-4 54 -4 23
39 -91 39 -61
39 -91 67 -91
67 -61 39 -61
67 -61 67 -91
46 67 46 136
46 67 106 67
106 136 46 136
106 136 106 67
-80 9 -80 11
-80 9 -74 9
-74 11 -80 11
-74 11 -74 9
-60 28 -60 35
-60 28 -55 28
-55 35 -60 35
-55 35 -55 28
-16 -76 -16 -12
-16 -76 -1 -76
-1 -12 -16 -12
-1 -12 -1 -76
-7 16 -7 55
-7 16 5 16
5 55 -7 55
5 55 5 16
-59 -6 -59 1
-59 -6 -11 -6
-11 1 -59 1
-11 1 -11 -6
34 -38 34 -29
34 -38 127 -38
127 -29 34 -29
127 -29 127 -38
-19 3 -19 87
-19 3 27 3
27 87 -19 87
27 87 27 3
-7 84 -7 100
-7 84 54 84
54 100 -7 100
54 100 54 84
5 64 5 132
5 64 16 64
16 132 5 132
16 132 16 64
65 46 65 88
65 46 73 46
73 88 65 88
73 88 73 46
-84 53 -84 89
-84 53 -79 53
-79 89 -84 89
-79 89 -79 53
17 -41 17 -31
17 -41 27 -41
27 -31 17 -31
27 -31 27 -41
-2 4 -2 66
-2 4 12 4
12 66 -2 66
12 66 12 4
-67 -99 -67 -90
-67 -99 -52 -99
-52 -90 -67 -90
-52 -90 -52 -99
59 -17 59 6
59 -17 65 -17
65 6 59 6
65 6 65 -17
-81 33 -81 39
-81 33 -78 33
-78 39 -81 39
-78 39 -78 33
38 30 38 43
38 30 99 30
99 43 38 43
99 43 99 30
-58 6 -58 10
-58 6 -32 6
-32 10 -58 10
-32 10 -32 6
-44 80 -44 105
-44 80 -4 80
-4 105 -44 105
-4 105 -4 80
40 13 40 110
40 13 93 13
93 110 40 110
93 110 93 13
13 60 13 115
13 60 43 60
43 115 13 115
43 115 43 60
64 -81 64 -63
64 -81 98 -81
98 -63 64 -63
98 -63 98 -81
-14 72 -14 146
-14 72 52 72
52 146 -14 146
52 146 52 72
-45 -49 -45 -48
-45 -49 14 -49
14 -48 -45 -48
14 -48 14 -49
-70 -45 -70 -42
-70 -45 -25 -45
-25 -42 -70 -42
-25 -42 -25 -45
11 -88 11 -73
11 -88 14 -88
14 -73 11 -73
14 -73 14 -88
-38 -79 -38 -69
-38 -79 3 -79
3 -69 -38 -69
3 -69 3 -79
-25 -42 -25 -34
-25 -42 -2 -42
-2 -34 -25 -34
-2 -34 -2 -42
-34 -40 -34 -35
-34 -40 60 -40
60 -35 -34 -35
60 -35 60 -40
16 -70 16 -68
16 -70 19 -70
19 -68 16 -68
19 -68 19 -70
-7 -90 -7 -46
-7 -90 59 -90
59 -46 -7 -46
59 -46 59 -90
-41 18 -41 81
-41 18 -16 18
-16 81 -41 81
-16 81 -16 18
-52 -28 -52 2
-52 -28 28 -28
28 2 -52 2
28 2 28 -28
64 18 64 112
64 18 85 18
85 112 64 112
85 112 85 18
32 -2 32 37
32 -2 41 -2
41 37 32 37
41 37 41 -2
78 46 78 128
78 46 90 46
90 128 78 128
90 128 90 46
59 59 59 109
59 59 135 59
135 109 59 109
135 109 135 59
-55 77 -55 156
-55 77 -2 77
-2 156 -55 156
-2 156 -2 77
63 -36 63 -32
63 -36 145 -36
145 -32 63 -32
145 -32 145 -36
-88 58 -88 126
-88 58 -40 58
-40 126 -88 126
-40 126 -40 58
-37 -58 -37 -56
-37 -58 -34 -58
-34 -56 -37 -56
-34 -56 -34 -58
83 -21 83 4
83 -21 150 -21
150 4 83 4
150 4 150 -21
7 -54 7 -34
7 -54 98 -54
98 -34 7 -34
98 -34 98 -54
3 44 3 52
3 44 15 44
15 52 3 52
15 52 15 44
95 37 95 114
95 37 124 37
124 114 95 114
124 114 124 37
-47 -13 -47 43
-47 -13 -39 -13
-39 43 -47 43
-39 43 -39 -13
35 -10 35 56
35 -10 92 -10
92 56 35 56
92 56 92 -10
3 93 3 103
3 93 84 93
84 103 3 103
84 103 84 93
77 -3 77 91
77 -3 86 -3
86 91 77 91
86 91 86 -3
70 44 70 82
70 44 117 44
117 82 70 82
117 82 117 44
-45 69 -45 129
-45 69 -32 69
-32 129 -45 129
-32 129 -32 69
-78 -78 -78 -62
-78 -78 -29 -78
-29 -62 -78 -62
-29 -62 -29 -78
-22 32 -22 122
-22 32 10 32
10 122 -22 122
10 122 10 32
66 70 66 124
66 70 81 70
81 124 66 124
81 124 81 70
1 -50 1 -42
1 -50 9 -50
9 -42 1 -42
9 -42 9 -50
85 -18 85 -2
85 -18 122 -18
122 -2 85 -2
122 -2 122 -18
-34 -51 -34 -46
-34 -51 -26 -51
-26 -46 -34 -46
-26 -46 -26 -51
51 52 51 138
51 52 118 52
118 138 51 138
118 138 118 52
29 5 29 77
29 5 44 5
44 77 29 77
44 77 44 5
-10 90 -10 161
-10 90 23 90
23 161 -10 161
23 161 23 90
3 11 3 40
3 11 11 11
11 40 3 40
11 40 11 11
-3 -11 -3 19
-3 -11 39 -11
39 19 -3 19
39 19 39 -11
-10 -55 -10 -21
-10 -55 0 -55
0 -21 -10 -21
0 -21 0 -55
-39 82 -39 174
-39 82 12 82
12 174 -39 174
12 174 12 82
-52 29 -52 30
-52 29 -9 29
-9 30 -52 30
-9 30 -9 29
-45 -21 -45 20
-45 -21 -20 -21
-20 20 -45 20
-20 20 -20 -21
-3 89 -3 92
-3 89 84 89
84 92 -3 92
84 92 84 89
24 -36 24 -16
24 -36 38 -36
38 -16 24 -16
38 -16 38 -36
1 23 1 95
1 23 26 23
26 95 1 95
26 95 26 23
92 -58 92 -19
92 -58 172 -58
172 -19 92 -19
172 -19 172 -58
-60 36 -60 128
-60 36 -59 36
-59 128 -60 128
-59 128 -59 36
-26 64 -26 134
-26 64 -20 64
-20 134 -26 134
-20 134 -20 64
14 54 14 142
14 54 105 54
105 142 14 142
105 142 105 54
-75 88 -75 90
-75 88 -19 88
-19 90 -75 90
-19 90 -19 88
-20 -93 -20 -24
-20 -93 -3 -93
-3 -24 -20 -24
-3 -24 -3 -93
-15 6 -15 17
-15 6 1 6
1 17 -15 17
1 17 1 6
34 -75 34 -48
34 -75 84 -75
84 -48 34 -48
84 -48 84 -75
88 62 88 129
88 62 141 62
141 129 88 129
141 129 141 62
7 -16 7 30
7 -16 10 -16
10 30 7 30
10 30 10 -16
-60 -26 -60 4
-60 -26 -17 -26
-17 4 -60 4
-17 4 -17 -26
18 -63 18 -17
18 -63 30 -63
30 -17 18 -17
30 -17 30 -63
42 94 42 169
42 94 72 94
72 169 42 169
72 169 72 94
-19 -84 -19 -74
-19 -84 40 -84
40 -74 -19 -74
40 -74 40 -84
81 8 81 41
81 8 123 8
123 41 81 41
123 41 123 8
68 71 68 73
68 71 161 71
161 73 68 73
161 73 161 71
52 10 52 11
52 10 134 10
134 11 52 11
134 11 134 10
81 -14 81 -8
81 -14 173 -14
173 -8 81 -8
173 -8 173 -14
-57 84 -57 110
-57 84 -37 84
-37 110 -57 110
-37 110 -37 84
-69 -77 -69 -32
-69 -77 31 -77
31 -32 -69 -32
31 -32 31 -77
61 -87 61 -66
61 -87 105 -87
105 -66 61 -66
105 -66 105 -87
52 53 52 66
52 53 134 53
134 66 52 66
134 66 134 53
-96 17 -96 71
-96 17 -54 17
-54 71 -96 71
-54 71 -54 17
-12 11 -12 13
-12 11 -6 11
-6 13 -12 13
-6 13 -6 11
-59 -37 -59 -27
-59 -37 -31 -37
-31 -27 -59 -27
-31 -27 -31 -37
92 70 92 130
92 70 177 70
177 130 92 130
177 130 177 70
-62 97 -62 149
-62 97 -34 97
-34 149 -62 149
-34 149 -34 97
28 47 28 99
28 47 122 47
122 99 28 99
122 99 122 47
-80 29 -80 35
-80 29 -75 29
-75 35 -80 35
-75 35 -75 29
-91 -68 -91 -63
-91 -68 7 -68
7 -63 -91 -63
7 -63 7 -68
75 32 75 35
75 32 83 32
83 35 75 35
83 35 83 32
88 -13 88 0
88 -13 161 -13
161 0 88 0
161 0 161 -13
83 55 83 154
83 55 145 55
145 154 83 154
145 154 145 55
62 68 62 131
62 68 89 68
89 131 62 131
89 131 89 68
-94 -30 -94 45
-94 -30 -73 -30
-73 45 -94 45
-73 45 -73 -30
58 72 58 153
58 72 74 72
74 153 58 153
74 153 74 72
-27 -1 -27 5
-27 -1 -9 -1
-9 5 -27 5
-9 5 -9 -1
22 61 22 104
22 61 109 61
109 104 22 104
109 104 109 61
-66 -75 -66 -39
-66 -75 -59 -75
-59 -39 -66 -39
-59 -39 -59 -75
85 -48 85 -23
85 -48 119 -48
119 -23 85 -23
119 -23 119 -48
39 74 39 137
39 74 56 74
56 137 39 137
56 137 56 74
-58 -52 -58 -23
-58 -52 -56 -52
-56 -23 -58 -23
-56 -23 -56 -52
-22 -19 -22 11
-22 -19 -12 -19
-12 11 -22 11
-12 11 -12 -19
47 -78 47 -43
47 -78 77 -78
77 -43 47 -43
77 -43 77 -78
80 -44 80 7
80 -44 165 -44
165 7 80 7
165 7 165 -44
-64 18 -64 26
-64 18 -43 18
-43 26 -64 26
-43 26 -43 18
16 -55 16 -15
16 -55 69 -55
69 -15 16 -15
69 -15 69 -55
-85 2 -85 62
-85 2 -82 2
-82 62 -85 62
-82 62 -82 2
-81 7 -81 8
-81 7 -59 7
-59 8 -81 8
-59 8 -59 7
-67 -82 -67 0
-67 -82 -61 -82
-61 0 -67 0
-61 0 -61 -82
-72 47 -72 66
-72 47 -52 47
-52 66 -72 66
-52 66 -52 47
-87 91 -87 183
-87 91 -67 91
-67 183 -87 183
-67 183 -67 91
-27 48 -27 62
-27 48 -10 48
-10 62 -27 62
-10 62 -10 48
2 73 2 135
2 73 11 73
11 135 2 135
11 135 11 73
51 -85 51 -83
51 -85 146 -85
146 -83 51 -83
146 -83 146 -85
-87 49 -87 73
-87 49 -67 49
-67 73 -87 73
-67 73 -67 49
-76 -18 -76 62
-76 -18 -34 -18
-34 62 -76 62
-34 62 -34 -18
-93 24 -93 51
-93 24 -70 24
-70 51 -93 51
-70 51 -70 24
40 -50 40 -49
40 -50 136 -50
136 -49 40 -49
136 -49 136 -50
49 -52 49 -45
49 -52 133 -52
133 -45 49 -45
133 -45 133 -52
60 34 60 130
60 34 87 34
87 130 60 130
87 130 87 34
-50 -44 -50 -8
-50 -44 8 -44
8 -8 -50 -8
8 -8 8 -44
12 -81 12 -78
12 -81 43 -81
43 -78 12 -78
43 -78 43 -81
-89 34 -89 92
-89 34 -69 34
-69 92 -89 92
-69 92 -69 34
-14 -94 -14 -89
-14 -94 71 -94
71 -89 -14 -89
71 -89 71 -94
33 -69 33 -64
33 -69 129 -69
129 -64 33 -64
129 -64 129 -69
-65 73 -65 115
-65 73 -56 73
-56 115 -65 115
-56 115 -56 73
-54 -22 -54 -21
-54 -22 -53 -22
-53 -21 -54 -21
-53 -21 -53 -22
-25 0 -25 8
-25 0 -23 0
-23 8 -25 8
-23 8 -23 0
41 51 48 51
-74 -41 -60 -41
-25 25 -25 27
13 4 47 4
52 -19 52 -12
-43 -61 10 -61
77 -8 77 -5
73 -37 127 -37
48 -18 68 -18
-7 -22 27 -22
-29 -56 5 -56
49 80 89 80
77 -61 126 -61
15 -13 31 -13
-2 15 53 15
-17 -83 2 -83
74 -18 74 49
25 16 78 16
-62 -91 -9 -91
-95 52 -95 103
-75 -34 -75 -24
37 20 44 20
41 50 41 63
-15 -47 2 -47
-57 -10 -11 -10
21 52 23 52
54 -56 152 -56
-31 -1 -31 16
-63 -20 -63 -11
48 48 78 48
7 59 7 63
-88 -65 -88 8
-17 22 -17 29
-75 -61 -75 -37
3 10 40 10
54 -57 71 -57
19 -64 19 -34
-73 -24 -24 -24
4 22 98 22
-77 -72 -77 -69
55 -33 104 -33
78 -67 167 -67
-25 16 -20 16
44 -35 44 -33
69 0 69 14
16 25 16 46
29 11 37 11
-26 -7 -26 7
25 44 51 44
41 -33 52 -33
45 -5 45 18
-25 42 -25 93
17 9 38 9
63 -41 111 -41
-12 73 -12 147
15 60 15 160
34 -31 99 -31
-19 -18 -19 -17
12 -6 52 -6
-5 24 -5 29
-64 -16 -58 -16
12 -57 12 -38
-24 -89 -21 -89
15 3 15 10
-70 51 28 51
91 -89 91 -48
54 19 87 19
57 79 57 124
33 39 33 43
57 -93 57 -83
39 57 39 60
-12 -39 60 -39
47 -12 51 -12
14 55 35 55
-37 -33 -37 -18
63 18 63 22
46 28 54 28
-46 47 -42 47
0 -17 0 3
-66 -72 -6 -72
68 23 96 23
-30 -58 8 -58
-36 78 -36 132
-14 44 -2 44
58 14 96 14
44 33 48 33
17 16 17 50
-14 -26 32 -26
-38 -61 -38 -16
8 -44 37 -44
-18 -29 -7 -29
24 43 24 132
5 -38 5 5
17 79 17 80
-2 -3 13 -3
-16 22 -2 22
-46 -71 21 -71
71 64 108 64
-77 16 -53 16
-81 -33 -81 -19
