1000
-1 17 -1 41
-1 17 46 17
46 41 -1 41
46 41 46 17
20 5 20 103
20 5 94 5
94 103 20 103
94 103 94 5
10 -82 10 14
10 -82 89 -82
89 14 10 14
89 14 89 -82
48 -18 48 65
48 -18 90 -18
90 65 48 65
90 65 90 -18
40 63 40 80
40 63 59 63
59 80 40 80
59 80 59 63
-49 -7 -49 49
-49 -7 -44 -7
-44 49 -49 49
-44 49 -44 -7
-15 -46 -15 39
-15 -46 -3 -46
-3 39 -15 39
-3 39 -3 -46
31 10 31 101
31 10 45 10
45 101 31 101
45 101 45 10
-53 39 -53 113
-53 39 -34 39
-34 113 -53 113
-34 113 -34 39
63 93 63 144
63 93 152 93
152 144 63 144
152 144 152 93
-60 62 -60 105
-60 62 19 62
19 105 -60 105
19 105 19 62
-6 7 -6 19
-6 7 57 7
57 19 -6 19
57 19 57 7
7 -46 7 -36
7 -46 33 -46
33 -36 7 -36
33 -36 33 -46
-38 -48 -38 -34
-38 -48 -13 -48
-13 -34 -38 -34
-13 -34 -13 -48
46 -1 46 3
46 -1 134 -1
134 3 46 3
134 3 134 -1
49 -7 49 52
49 -7 78 -7
78 52 49 52
78 52 78 -7
54 36 54 118
54 36 65 36
65 118 54 118
65 118 65 36
2 -8 2 12
2 -8 41 -8
41 12 2 12
41 12 41 -8
45 -53 45 -16
45 -53 72 -53
72 -16 45 -16
72 -16 72 -53
-48 -13 -48 86
-48 -13 51 -13
51 86 -48 86
51 86 51 -13
22 13 22 92
22 13 91 13
91 92 22 92
91 92 91 13
18 -52 18 4
18 -52 115 -52
115 4 18 4
115 4 115 -52
-10 -42 -10 58
-10 -42 -7 -42
-7 58 -10 58
-7 58 -7 -42
-52 3 -52 64
-52 3 -42 3
-42 64 -52 64
-42 64 -42 3
-14 -2 -14 28
-14 -2 79 -2
79 28 -14 28
79 28 79 -2
17 11 17 104
17 11 71 11
71 104 17 104
71 104 71 11
-59 0 -59 30
-59 0 27 0
27 30 -59 30
27 30 27 0
-81 -45 -81 55
-81 -45 -17 -45
-17 55 -81 55
-17 55 -17 -45
80 55 80 96
80 55 132 55
132 96 80 96
132 96 132 55
-75 44 -75 89
-75 44 -9 44
-9 89 -75 89
-9 89 -9 44
79 -50 79 -10
79 -50 118 -50
118 -10 79 -10
118 -10 118 -50
40 51 40 59
40 51 64 51
64 59 40 59
64 59 64 51
52 37 52 69
52 37 68 37
68 69 52 69
68 69 68 37
-5 25 -5 71
-5 25 36 25
36 71 -5 71
36 71 36 25
7 39 7 138
7 39 79 39
79 138 7 138
79 138 79 39
-73 76 -73 156
-73 76 -38 76
-38 156 -73 156
-38 156 -38 76
-24 46 -24 111
-24 46 -18 46
-18 111 -24 111
-18 111 -18 46
-72 -9 -72 69
-72 -9 -63 -9
-63 69 -72 69
-63 69 -63 -9
39 22 39 35
39 22 114 22
114 35 39 35
114 35 114 22
-34 -37 -34 28
-34 -37 -27 -37
-27 28 -34 28
-27 28 -27 -37
23 27 23 85
23 27 44 27
44 85 23 85
44 85 44 27
15 47 15 133
15 47 103 47
103 133 15 133
103 133 103 47
11 -48 11 -31
11 -48 62 -48
62 -31 11 -31
62 -31 62 -48
-22 -12 -22 16
-22 -12 60 -12
60 16 -22 16
60 16 60 -12
-15 68 -15 91
-15 68 81 68
81 91 -15 91
81 91 81 68
64 -51 64 48
64 -51 100 -51
100 48 64 48
100 48 100 -51
19 -26 19 33
19 -26 55 -26
55 33 19 33
55 33 55 -26
95 16 95 27
95 16 109 16
109 27 95 27
109 27 109 16
-71 -18 -71 43
-71 -18 29 -18
29 43 -71 43
29 43 29 -18
-54 -10 -54 34
-54 -10 -41 -10
-41 34 -54 34
-41 34 -41 -10
39 49 39 87
39 49 88 49
88 87 39 87
88 87 88 49
-76 21 -76 63
-76 21 -69 21
-69 63 -76 63
-69 63 -69 21
-87 -17 -87 -5
-87 -17 -20 -17
-20 -5 -87 -5
-20 -5 -20 -17
-85 -65 -85 -44
-85 -65 -36 -65
-36 -44 -85 -44
-36 -44 -36 -65
6 50 6 57
6 50 95 50
95 57 6 57
95 57 95 50
-64 17 -64 88
-64 17 -2 17
-2 88 -64 88
-2 88 -2 17
-17 81 -17 82
-17 81 67 81
67 82 -17 82
67 82 67 81
-89 -61 -89 -20
-89 -61 -66 -61
-66 -20 -89 -20
-66 -20 -66 -61
64 66 64 159
64 66 150 66
150 159 64 159
150 159 150 66
-48 -35 -48 -33
-48 -35 47 -35
47 -33 -48 -33
47 -33 47 -35
63 18 63 60
63 18 116 18
116 60 63 60
116 60 116 18
-13 38 -13 116
-13 38 47 38
47 116 -13 116
47 116 47 38
48 70 48 156
48 70 147 70
147 156 48 156
147 156 147 70
88 -11 88 40
88 -11 104 -11
104 40 88 40
104 40 104 -11
42 -45 42 -24
42 -45 60 -45
60 -24 42 -24
60 -24 60 -45
-25 67 -25 140
-25 67 46 67
46 140 -25 140
46 140 46 67
1 -5 1 58
1 -5 67 -5
67 58 1 58
67 58 67 -5
70 -20 70 27
70 -20 87 -20
87 27 70 27
87 27 87 -20
-70 51 -70 75
-70 51 -55 51
-55 75 -70 75
-55 75 -55 51
97 -24 97 54
97 -24 111 -24
111 54 97 54
111 54 111 -24
-29 -77 -29 -53
-29 -77 42 -77
42 -53 -29 -53
42 -53 42 -77
-8 -11 -8 32
-8 -11 80 -11
80 32 -8 32
80 32 80 -11
-23 -43 -23 -21
-23 -43 -9 -43
-9 -21 -23 -21
-9 -21 -9 -43
-40 -23 -40 23
-40 -23 -26 -23
-26 23 -40 23
-26 23 -26 -23
-20 15 -20 66
-20 15 58 15
58 66 -20 66
58 66 58 15
69 29 69 74
69 29 134 29
134 74 69 74
134 74 134 29
76 -84 76 -16
76 -84 129 -84
129 -16 76 -16
129 -16 129 -84
66 17 66 38
66 17 86 17
86 38 66 38
86 38 86 17
-19 2 -19 6
-19 2 23 2
23 6 -19 6
23 6 23 2
54 -36 54 20
54 -36 68 -36
68 20 54 20
68 20 68 -36
76 -14 76 53
76 -14 99 -14
99 53 76 53
99 53 99 -14
3 -54 3 -17
3 -54 23 -54
23 -17 3 -17
23 -17 23 -54
-65 -49 -65 -26
-65 -49 -61 -49
-61 -26 -65 -26
-61 -26 -61 -49
25 75 25 125
25 75 68 75
68 125 25 125
68 125 68 75
-4 52 -4 145
-4 52 2 52
2 145 -4 145
2 145 2 52
-31 -4 -31 56
-31 -4 33 -4
33 56 -31 56
33 56 33 -4
-66 -15 -66 74
-66 -15 -11 -15
-11 74 -66 74
-11 74 -11 -15
-85 87 -85 107
-85 87 -79 87
-79 107 -85 107
-79 107 -79 87
-11 -44 -11 -32
-11 -44 37 -44
37 -32 -11 -32
37 -32 37 -44
25 -55 25 -34
25 -55 84 -55
84 -34 25 -34
84 -34 84 -55
-8 -61 -8 -16
-8 -61 15 -61
15 -16 -8 -16
15 -16 15 -61
-21 -59 -21 -14
-21 -59 -2 -59
-2 -14 -21 -14
-2 -14 -2 -59
77 15 77 79
77 15 84 15
84 79 77 79
84 79 84 15
12 77 12 162
12 77 96 77
96 162 12 162
96 162 96 77
35 60 35 122
35 60 42 60
42 122 35 122
42 122 42 60
51 -59 51 -58
51 -59 118 -59
118 -58 51 -58
118 -58 118 -59
4 35 4 59
4 35 9 35
9 59 4 59
9 59 9 35
27 -89 27 -63
27 -89 110 -89
110 -63 27 -63
110 -63 110 -89
-68 77 -68 177
-68 77 5 77
5 177 -68 177
5 177 5 77
28 6 28 26
28 6 62 6
62 26 28 26
62 26 62 6
-12 -66 -12 -60
-12 -66 24 -66
24 -60 -12 -60
24 -60 24 -66
-5 73 -5 157
-5 73 74 73
74 157 -5 157
74 157 74 73
34 -41 34 45
34 -41 130 -41
130 45 34 45
130 45 130 -41
-77 -24 -77 42
-77 -24 0 -24
0 42 -77 42
0 42 0 -24
-42 78 -42 131
-42 78 -6 78
-6 131 -42 131
-6 131 -6 78
82 36 82 61
82 36 109 36
109 61 82 61
109 61 109 36
21 -62 21 -37
21 -62 88 -62
88 -37 21 -37
88 -37 88 -62
32 24 32 109
32 24 75 24
75 109 32 109
75 109 75 24
-74 29 -74 83
-74 29 -28 29
-28 83 -74 83
-28 83 -28 29
-16 13 -16 21
-16 13 16 13
16 21 -16 21
16 21 16 13
56 62 56 155
56 62 87 62
87 155 56 155
87 155 87 62
59 -39 59 0
59 -39 94 -39
94 0 59 0
94 0 94 -39
-72 -54 -72 -30
-72 -54 -32 -54
-32 -30 -72 -30
-32 -30 -32 -54
-21 64 -21 99
-21 64 41 64
41 99 -21 99
41 99 41 64
63 -31 63 2
63 -31 142 -31
142 2 63 2
142 2 142 -31
69 83 69 140
69 83 98 83
98 140 69 140
98 140 98 83
-94 -6 -94 -3
-94 -6 -93 -6
-93 -3 -94 -3
-93 -3 -93 -6
-71 46 -71 125
-71 46 -58 46
-58 125 -71 125
-58 125 -58 46
-7 75 -7 150
-7 75 8 75
8 150 -7 150
8 150 8 75
-12 34 -12 90
-12 34 55 34
55 90 -12 90
55 90 55 34
-43 -73 -43 -67
-43 -73 -9 -73
-9 -67 -43 -67
-9 -67 -9 -73
2 -50 2 -15
2 -50 41 -50
41 -15 2 -15
41 -15 41 -50
44 -38 44 -25
44 -38 71 -38
71 -25 44 -25
71 -25 71 -38
43 -28 43 9
43 -28 137 -28
137 9 43 9
137 9 137 -28
-72 -28 -72 -25
-72 -28 25 -28
25 -25 -72 -25
25 -25 25 -28
-83 15 -83 72
-83 15 -61 15
-61 72 -83 72
-61 72 -61 15
-88 53 -88 97
-88 53 10 53
10 97 -88 97
10 97 10 53
-67 -12 -67 4
-67 -12 -62 -12
-62 4 -67 4
-62 4 -62 -12
-17 -86 -17 -69
-17 -86 77 -86
77 -69 -17 -69
77 -69 77 -86
43 -74 43 -50
43 -74 56 -74
56 -50 43 -50
56 -50 56 -74
-33 -2 -33 45
-33 -2 -21 -2
-21 45 -33 45
-21 45 -21 -2
1 -57 1 -43
1 -57 69 -57
69 -43 1 -43
69 -43 69 -57
50 71 50 122
50 71 123 71
123 122 50 122
123 122 123 71
-70 11 -70 31
-70 11 13 11
13 31 -70 31
13 31 13 11
38 -65 38 -47
38 -65 112 -65
112 -47 38 -47
112 -47 112 -65
95 73 95 139
95 73 156 73
156 139 95 139
156 139 156 73
82 -88 82 -54
82 -88 102 -88
102 -54 82 -54
102 -54 102 -88
-51 7 -51 72
-51 7 -39 7
-39 72 -51 72
-39 72 -39 7
-56 16 -56 94
-56 16 -23 16
-23 94 -56 94
-23 94 -23 16
-60 -48 -60 33
-60 -48 -47 -48
-47 33 -60 33
-47 33 -47 -48
6 -73 6 -72
6 -73 29 -73
29 -72 6 -72
29 -72 29 -73
-76 -6 -76 2
-76 -6 -38 -6
-38 2 -76 2
-38 2 -38 -6
61 -67 61 -44
61 -67 117 -67
117 -44 61 -44
117 -44 117 -67
-28 -66 -28 -9
-28 -66 -18 -66
-18 -9 -28 -9
-18 -9 -18 -66
73 78 73 150
73 78 129 78
129 150 73 150
129 150 129 78
-16 -27 -16 -6
-16 -27 20 -27
20 -6 -16 -6
20 -6 20 -27
14 -40 14 -30
14 -40 70 -40
70 -30 14 -30
70 -30 70 -40
97 59 97 142
97 59 108 59
108 142 97 142
108 142 108 59
-45 46 -45 90
-45 46 -37 46
-37 90 -45 90
-37 90 -37 46
71 -13 71 -6
71 -13 127 -13
127 -6 71 -6
127 -6 127 -13
53 -70 53 -29
53 -70 81 -70
81 -29 53 -29
81 -29 81 -70
-46 4 -46 63
-46 4 -43 4
-43 63 -46 63
-43 63 -43 4
-75 -80 -75 -56
-75 -80 -23 -80
-23 -56 -75 -56
-23 -56 -23 -80
14 -88 14 -79
14 -88 42 -88
42 -79 14 -79
42 -79 42 -88
-65 -67 -65 -51
-65 -67 -46 -67
-46 -51 -65 -51
-46 -51 -46 -67
3 40 3 83
3 40 61 40
61 83 3 83
61 83 61 40
4 60 4 136
4 60 11 60
11 136 4 136
11 136 11 60
81 -29 81 -21
81 -29 87 -29
87 -21 81 -21
87 -21 87 -29
-42 -55 -42 -41
-42 -55 14 -55
14 -41 -42 -41
14 -41 14 -55
73 -32 73 56
73 -32 146 -32
146 56 73 56
146 56 146 -32
-62 20 -62 70
-62 20 -38 20
-38 70 -62 70
-38 70 -38 20
-60 -92 -60 -83
-60 -92 -3 -92
-3 -83 -60 -83
-3 -83 -3 -92
-55 9 -55 18
-55 9 -28 9
-28 18 -55 18
-28 18 -28 9
-91 64 -91 138
-91 64 -52 64
-52 138 -91 138
-52 138 -52 64
-55 -82 -55 -81
-55 -82 -21 -82
-21 -81 -55 -81
-21 -81 -21 -82
-87 42 -87 69
-87 42 -79 42
-79 69 -87 69
-79 69 -79 42
40 -19 40 25
40 -19 56 -19
56 25 40 25
56 25 56 -19
-61 -20 -61 -19
-61 -20 14 -20
14 -19 -61 -19
14 -19 14 -20
-82 79 -82 134
-82 79 -72 79
-72 134 -82 134
-72 134 -72 79
-32 21 -32 99
-32 21 -30 21
-30 99 -32 99
-30 99 -30 21
82 -46 82 -22
82 -46 154 -46
154 -22 82 -22
154 -22 154 -46
8 -9 8 37
8 -9 37 -9
37 37 8 37
37 37 37 -9
96 43 96 72
96 43 157 43
157 72 96 72
157 72 157 43
-70 -53 -70 -39
-70 -53 -69 -53
-69 -39 -70 -39
-69 -39 -69 -53
-50 -1 -50 26
-50 -1 -36 -1
-36 26 -50 26
-36 26 -36 -1
72 19 72 58
72 19 118 19
118 58 72 58
118 58 118 19
92 -30 92 39
92 -30 107 -30
107 39 92 39
107 39 107 -30
43 96 43 195
43 96 53 96
53 195 43 195
53 195 53 96
-1 60 -1 95
-1 60 0 60
0 95 -1 95
0 95 0 60
-84 -60 -84 -16
-84 -60 -33 -60
-33 -16 -84 -16
-33 -16 -33 -60
11 -65 11 -49
11 -65 12 -65
12 -49 11 -49
12 -49 12 -65
52 -23 52 -22
52 -23 70 -23
70 -22 52 -22
70 -22 70 -23
80 -91 80 -76
80 -91 93 -91
93 -76 80 -76
93 -76 93 -91
58 -35 58 -9
58 -35 153 -35
153 -9 58 -9
153 -9 153 -35
-35 93 -35 126
-35 93 -9 93
-9 126 -35 126
-9 126 -9 93
77 -56 77 -43
77 -56 152 -56
152 -43 77 -43
152 -43 152 -56
46 -83 46 -49
46 -83 52 -83
52 -49 46 -49
52 -49 52 -83
16 -55 16 1
16 -55 24 -55
24 1 16 1
24 1 24 -55
-44 68 -44 164
-44 68 -43 68
-43 164 -44 164
-43 164 -43 68
-67 39 -67 86
-67 39 -59 39
-59 86 -67 86
-59 86 -59 39
-73 -74 -73 25
-73 -74 -53 -74
-53 25 -73 25
-53 25 -53 -74
-89 -93 -89 -91
-89 -93 -77 -93
-77 -91 -89 -91
-77 -91 -77 -93
-88 0 -88 29
-88 0 -75 0
-75 29 -88 29
-75 29 -75 0
12 -22 12 -3
12 -22 42 -22
42 -3 12 -3
42 -3 42 -22
25 -85 25 -80
25 -85 49 -85
49 -80 25 -80
49 -80 49 -85
-81 84 -81 103
-81 84 -16 84
-16 103 -81 103
-16 103 -16 84
-4 -67 -4 -45
-4 -67 32 -67
32 -45 -4 -45
32 -45 32 -67
-7 -78 -7 -51
-7 -78 44 -78
44 -51 -7 -51
44 -51 44 -78
64 -75 64 -73
64 -75 119 -75
119 -73 64 -73
119 -73 119 -75
-65 36 -65 110
-65 36 21 36
21 110 -65 110
21 110 21 36
-31 -64 -31 -39
-31 -64 49 -64
49 -39 -31 -39
49 -39 49 -64
-72 -84 -72 -79
-72 -84 8 -84
8 -79 -72 -79
8 -79 8 -84
-27 -86 -27 -37
-27 -86 -24 -86
-24 -37 -27 -37
-24 -37 -24 -86
-48 87 -48 109
-48 87 -22 87
-22 109 -48 109
-22 109 -22 87
-59 -38 -59 -26
-59 -38 -36 -38
-36 -26 -59 -26
-36 -26 -36 -38
-36 48 -36 101
-36 48 -29 48
-29 101 -36 101
-29 101 -29 48
-25 -88 -25 -87
-25 -88 -20 -88
-20 -87 -25 -87
-20 -87 -20 -88
6 3 6 29
6 3 21 3
21 29 6 29
21 29 21 3
-21 48 -21 49
-21 48 34 48
34 49 -21 49
34 49 34 48
16 23 16 52
16 23 38 23
38 52 16 52
38 52 38 23
-78 -21 -78 -15
-78 -21 -70 -21
-70 -15 -78 -15
-70 -15 -70 -21
2 44 2 45
2 44 12 44
12 45 2 45
12 45 12 44
85 -38 85 32
85 -38 163 -38
163 32 85 32
163 32 163 -38
-19 8 -19 98
-19 8 24 8
24 98 -19 98
24 98 24 8
-19 -90 -19 -23
-19 -90 4 -90
4 -23 -19 -23
4 -23 4 -90
-40 75 -40 137
-40 75 -26 75
-26 137 -40 137
-26 137 -26 75
50 1 50 8
50 1 91 1
91 8 50 8
91 8 91 1
18 59 18 78
18 59 30 59
30 78 18 78
30 78 30 59
-17 -57 -17 -45
-17 -57 -14 -57
-14 -45 -17 -45
-14 -45 -14 -57
83 -17 83 26
83 -17 136 -17
136 26 83 26
136 26 136 -17
89 84 89 171
89 84 162 84
162 171 89 171
162 171 162 84
93 20 93 119
93 20 176 20
176 119 93 119
176 119 176 20
-56 -41 -56 -27
-56 -41 -42 -41
-42 -27 -56 -27
-42 -27 -42 -41
50 -66 50 -60
50 -66 146 -66
146 -60 50 -60
146 -60 146 -66
-89 40 -89 54
-89 40 -6 40
-6 54 -89 54
-6 54 -6 40
-51 -68 -51 -39
-51 -68 -50 -68
-50 -39 -51 -39
-50 -39 -50 -68
57 -17 57 -10
57 -17 77 -17
77 -10 57 -10
77 -10 77 -17
14 53 14 123
14 53 57 53
57 123 14 123
57 123 57 53
6 95 6 167
6 95 102 95
102 167 6 167
102 167 102 95
-51 -76 -51 -70
-51 -76 -11 -76
-11 -70 -51 -70
-11 -70 -11 -76
-38 -75 -38 -62
-38 -75 8 -75
8 -62 -38 -62
8 -62 8 -75
-47 80 -47 92
-47 80 -35 80
-35 92 -47 92
-35 92 -35 80
-97 20 -97 110
-97 20 -86 20
-86 110 -97 110
-86 110 -86 20
82 -3 82 25
82 -3 156 -3
156 25 82 25
156 25 156 -3
28 31 28 128
28 31 120 31
120 128 28 128
120 128 120 31
82 82 82 153
82 82 166 82
166 153 82 153
166 153 166 82
-58 -43 -58 -9
-58 -43 -55 -43
-55 -9 -58 -9
-55 -9 -55 -43
27 42 27 124
27 42 86 42
86 124 27 124
86 124 86 42
-59 -62 -59 -55
-59 -62 -58 -62
-58 -55 -59 -55
-58 -55 -58 -62
17 -29 17 -20
17 -29 30 -29
30 -20 17 -20
30 -20 30 -29
-21 -81 -21 -63
-21 -81 21 -81
21 -63 -21 -63
21 -63 21 -81
-74 23 -74 27
-74 23 -55 23
-55 27 -74 27
-55 27 -55 23
-80 6 -80 58
-80 6 -35 6
-35 58 -80 58
-35 58 -35 6
70 81 70 121
70 81 118 81
118 121 70 121
118 121 118 81
-79 -19 -79 -18
-79 -19 -75 -19
-75 -18 -79 -18
-75 -18 -75 -19
71 -74 71 -72
71 -74 111 -74
111 -72 71 -72
111 -72 111 -74
74 -79 74 21
74 -79 149 -79
149 21 74 21
149 21 149 -79
-64 -4 -64 10
-64 -4 -58 -4
-58 10 -64 10
-58 10 -58 -4
65 -42 65 23
65 -42 108 -42
108 23 65 23
108 23 108 -42
62 -79 62 -76
62 -79 63 -79
63 -76 62 -76
63 -76 63 -79
