1000
-26 54 -26 231
-26 54 116 54
116 231 -26 231
116 231 116 54
-127 -115 -127 -66
-127 -115 307 -115
307 -66 -127 -66
307 -66 307 -115
-149 -153 -149 341
-149 -153 124 -153
124 341 -149 341
124 341 124 -153
-114 45 -114 459
-114 45 -64 45
-64 459 -114 459
-64 459 -64 45
84 -1 84 241
84 -1 325 -1
325 241 84 241
325 241 325 -1
-260 37 -260 521
-260 37 193 37
193 521 -260 521
193 521 193 37
-140 377 -140 846
-140 377 198 377
198 846 -140 846
198 846 198 377
233 -114 233 -106
233 -114 689 -114
689 -106 233 -106
689 -106 689 -114
-51 -132 -51 243
-51 -132 210 -132
210 243 -51 243
210 243 210 -132
74 17 74 224
74 17 219 17
219 224 74 224
219 224 219 17
175 -276 175 -107
175 -276 181 -276
181 -107 175 -107
181 -107 181 -276
65 -16 65 454
65 -16 352 -16
352 454 65 454
352 454 352 -16
-216 -117 -216 -4
-216 -117 -119 -117
-119 -4 -216 -4
-119 -4 -119 -117
192 -108 192 130
192 -108 255 -108
255 130 192 130
255 130 255 -108
38 -30 38 406
38 -30 272 -30
272 406 38 406
272 406 272 -30
-40 -256 -40 14
-40 -256 -29 -256
-29 14 -40 14
-29 14 -29 -256
202 123 202 499
202 123 660 123
660 499 202 499
660 499 660 123
-17 246 -17 414
-17 246 43 246
43 414 -17 414
43 414 43 246
252 306 252 477
252 306 706 306
706 477 252 477
706 477 706 306
188 127 188 256
188 127 273 127
273 256 188 256
273 256 273 127
-446 -104 -446 372
-446 -104 16 -104
16 372 -446 372
16 372 16 -104
-362 -149 -362 -11
-362 -149 1 -149
1 -11 -362 -11
1 -11 1 -149
-94 70 -94 500
-94 70 24 70
24 500 -94 500
24 500 24 70
312 181 312 555
312 181 354 181
354 555 312 555
354 555 354 181
171 143 171 622
171 143 641 143
641 622 171 622
641 622 641 143
236 47 236 116
236 47 699 47
699 116 236 116
699 116 699 47
-174 -181 -174 -81
-174 -181 23 -181
23 -81 -174 -81
23 -81 23 -181
304 -5 304 195
304 -5 442 -5
442 195 304 195
442 195 442 -5
149 93 149 192
149 93 292 93
292 192 149 192
292 192 292 93
13 52 13 180
13 52 15 52
15 180 13 180
15 180 15 52
458 152 458 488
458 152 538 152
538 488 458 488
538 488 538 152
-188 -69 -188 -17
-188 -69 171 -69
171 -17 -188 -17
171 -17 171 -69
348 50 348 416
348 50 798 50
798 416 348 416
798 416 798 50
-133 306 -133 352
-133 306 -71 306
-71 352 -133 352
-71 352 -71 306
13 -341 13 30
13 -341 202 -341
202 30 13 30
202 30 202 -341
-125 398 -125 851
-125 398 210 398
210 851 -125 851
210 851 210 398
-259 -121 -259 25
-259 -121 -242 -121
-242 25 -259 25
-242 25 -242 -121
-296 338 -296 548
-296 338 191 338
191 548 -296 548
191 548 191 338
-86 168 -86 198
-86 168 378 168
378 198 -86 198
378 198 378 168
-398 134 -398 327
-398 134 -10 134
-10 327 -398 327
-10 327 -10 134
23 -459 23 -421
23 -459 379 -459
379 -421 23 -421
379 -421 379 -459
-124 232 -124 637
-124 232 369 232
369 637 -124 637
369 637 369 232
-56 83 -56 408
-56 83 -35 83
-35 408 -56 408
-35 408 -35 83
237 -455 237 -336
237 -455 306 -455
306 -336 237 -336
306 -336 306 -455
-4 248 -4 647
-4 248 19 248
19 647 -4 647
19 647 19 248
-253 -218 -253 177
-253 -218 -168 -218
-168 177 -253 177
-168 177 -168 -218
-161 107 -161 485
-161 107 79 107
79 485 -161 485
79 485 79 107
5 -253 5 -87
5 -253 75 -253
75 -87 5 -87
75 -87 75 -253
-374 -92 -374 -75
-374 -92 -200 -92
-200 -75 -374 -75
-200 -75 -200 -92
4 -48 4 312
4 -48 373 -48
373 312 4 312
373 312 373 -48
-132 226 -132 708
-132 226 219 226
219 708 -132 708
219 708 219 226
-11 325 -11 373
-11 325 383 325
383 373 -11 373
383 373 383 325
-201 -192 -201 -60
-201 -192 -102 -192
-102 -60 -201 -60
-102 -60 -102 -192
159 -160 159 -101
159 -160 569 -160
569 -101 159 -101
569 -101 569 -160
-59 98 -59 348
-59 98 110 98
110 348 -59 348
110 348 110 98
-200 -26 -200 51
-200 -26 34 -26
34 51 -200 51
34 51 34 -26
-211 -12 -211 400
-211 -12 146 -12
146 400 -211 400
146 400 146 -12
-9 356 -9 470
-9 356 305 356
305 470 -9 470
305 470 305 356
-186 353 -186 538
-186 353 196 353
196 538 -186 538
196 538 196 353
-113 -442 -113 35
-113 -442 -63 -442
-63 35 -113 35
-63 35 -63 -442
225 -278 225 213
225 -278 327 -278
327 213 225 213
327 213 327 -278
-390 99 -390 381
-390 99 -209 99
-209 381 -390 381
-209 381 -209 99
152 -204 152 284
152 -204 593 -204
593 284 152 284
593 284 593 -204
46 337 46 477
46 337 85 337
85 477 46 477
85 477 85 337
44 -91 44 204
44 -91 172 -91
172 204 44 204
172 204 172 -91
-408 -214 -408 31
-408 -214 -353 -214
-353 31 -408 31
-353 31 -353 -214
153 -27 153 87
153 -27 343 -27
343 87 153 87
343 87 343 -27
-67 -75 -67 331
-67 -75 296 -75
296 331 -67 331
296 331 296 -75
-166 288 -166 581
-166 288 -14 288
-14 581 -166 581
-14 581 -14 288
141 5 141 448
141 5 197 5
197 448 141 448
197 448 197 5
-183 -41 -183 295
-183 -41 78 -41
78 295 -183 295
78 295 78 -41
-90 212 -90 590
-90 212 -61 212
-61 590 -90 590
-61 590 -61 212
-256 -187 -256 269
-256 -187 -143 -187
-143 269 -256 269
-143 269 -143 -187
-37 -70 -37 106
-37 -70 120 -70
120 106 -37 106
120 106 120 -70
-269 -337 -269 0
-269 -337 207 -337
207 0 -269 0
207 0 207 -337
-146 -268 -146 115
-146 -268 209 -268
209 115 -146 115
209 115 209 -268
-128 -103 -128 217
-128 -103 -20 -103
-20 217 -128 217
-20 217 -20 -103
-72 -137 -72 -67
-72 -137 421 -137
421 -67 -72 -67
421 -67 421 -137
245 214 245 516
245 214 268 214
268 516 245 516
268 516 268 214
304 -136 304 -70
304 -136 438 -136
438 -70 304 -70
438 -70 438 -136
101 79 101 281
101 79 238 79
238 281 101 281
238 281 238 79
-163 -345 -163 86
-163 -345 35 -345
35 86 -163 86
35 86 35 -345
118 -10 118 217
118 -10 523 -10
523 217 118 217
523 217 523 -10
288 85 288 479
288 85 770 85
770 479 288 479
770 479 770 85
-363 -298 -363 -181
-363 -298 -358 -298
-358 -181 -363 -181
-358 -181 -358 -298
5 -79 5 417
5 -79 170 -79
170 417 5 417
170 417 170 -79
-397 122 -397 597
-397 122 -189 122
-189 597 -397 597
-189 597 -189 122
-68 -146 -68 -33
-68 -146 101 -146
101 -33 -68 -33
101 -33 101 -146
237 -132 237 120
237 -132 414 -132
414 120 237 120
414 120 414 -132
243 -249 243 28
243 -249 657 -249
657 28 243 28
657 28 657 -249
-100 260 -100 308
-100 260 287 260
287 308 -100 308
287 308 287 260
-197 -189 -197 -14
-197 -189 286 -189
286 -14 -197 -14
286 -14 286 -189
360 -142 360 18
360 -142 692 -142
692 18 360 18
692 18 692 -142
-358 27 -358 459
-358 27 -355 27
-355 459 -358 459
-355 459 -355 27
401 -117 401 142
401 -117 504 -117
504 142 401 142
504 142 504 -117
244 344 244 841
244 344 362 344
362 841 244 841
362 841 362 344
249 -129 249 32
249 -129 721 -129
721 32 249 32
721 32 721 -129
213 -38 213 430
213 -38 221 -38
221 430 213 430
221 430 221 -38
75 46 75 326
75 46 223 46
223 326 75 326
223 326 223 46
167 -301 167 -153
167 -301 535 -301
535 -153 167 -153
535 -153 535 -301
-50 150 -50 585
-50 150 436 150
436 585 -50 585
436 585 436 150
-8 71 -8 229
-8 71 86 71
86 229 -8 229
86 229 86 71
-266 -289 -266 -231
-266 -289 -55 -289
-55 -231 -266 -231
-55 -231 -55 -289
-219 -221 -219 -91
-219 -221 -109 -221
-109 -91 -219 -91
-109 -91 -109 -221
428 -177 428 36
428 -177 617 -177
617 36 428 36
617 36 617 -177
-104 -23 -104 225
-104 -23 28 -23
28 225 -104 225
28 225 28 -23
7 105 7 239
7 105 329 105
329 239 7 239
329 239 329 105
-182 350 -182 782
-182 350 235 350
235 782 -182 782
235 782 235 350
-90 -156 -90 -50
-90 -156 208 -156
208 -50 -90 -50
208 -50 208 -156
229 16 229 165
229 16 433 16
433 165 229 165
433 165 433 16
321 331 321 539
321 331 511 331
511 539 321 539
511 539 511 331
69 305 69 751
69 305 443 305
443 751 69 751
443 751 443 305
336 -258 336 158
336 -258 600 -258
600 158 336 158
600 158 600 -258
-385 136 -385 396
-385 136 39 136
39 396 -385 396
39 396 39 136
125 -124 125 137
125 -124 566 -124
566 137 125 137
566 137 566 -124
-208 -165 -208 -144
-208 -165 -152 -165
-152 -144 -208 -144
-152 -144 -152 -165
239 -44 239 55
239 -44 585 -44
585 55 239 55
585 55 585 -44
168 1 168 364
168 1 489 1
489 364 168 364
489 364 489 1
-63 94 -63 153
-63 94 277 94
277 153 -63 153
277 153 277 94
150 -140 150 134
150 -140 242 -140
242 134 150 134
242 134 242 -140
325 244 325 476
325 244 507 244
507 476 325 476
507 476 507 244
91 199 91 352
91 199 279 199
279 352 91 352
279 352 279 199
311 380 311 818
311 380 729 380
729 818 311 818
729 818 729 380
-89 -204 -89 164
-89 -204 47 -204
47 164 -89 164
47 164 47 -204
-46 88 -46 333
-46 88 423 88
423 333 -46 333
423 333 423 88
-331 -65 -331 380
-331 -65 -221 -65
-221 380 -331 380
-221 380 -221 -65
48 395 48 412
48 395 87 395
87 412 48 412
87 412 87 395
-9 -365 -9 -190
-9 -365 390 -365
390 -190 -9 -190
390 -190 390 -365
-222 -255 -222 164
-222 -255 -199 -255
-199 164 -222 164
-199 164 -199 -255
22 -288 22 -56
22 -288 499 -288
499 -56 22 -56
499 -56 499 -288
-252 -54 -252 275
-252 -54 -247 -54
-247 275 -252 275
-247 275 -247 -54
-263 165 -263 301
-263 165 97 165
97 301 -263 301
97 301 97 165
0 56 0 297
0 56 307 56
307 297 0 297
307 297 307 56
314 31 314 69
314 31 529 31
529 69 314 69
529 69 529 31
25 -358 25 111
25 -358 133 -358
133 111 25 111
133 111 133 -358
-204 -385 -204 -206
-204 -385 47 -385
47 -206 -204 -206
47 -206 47 -385
64 66 64 379
64 66 94 66
94 379 64 379
94 379 94 66
309 -239 309 136
309 -239 475 -239
475 136 309 136
475 136 475 -239
-76 149 -76 189
-76 149 -22 149
-22 189 -76 189
-22 189 -22 149
-8 368 -8 768
-8 368 88 368
88 768 -8 768
88 768 88 368
-38 15 -38 361
-38 15 156 15
156 361 -38 361
156 361 156 15
-379 -13 -379 86
-379 -13 -368 -13
-368 86 -379 86
-368 86 -368 -13
383 -378 383 17
383 -378 711 -378
711 17 383 17
711 17 711 -378
141 -427 141 -410
141 -427 463 -427
463 -410 141 -410
463 -410 463 -427
-196 -79 -196 161
-196 -79 3 -79
3 161 -196 161
3 161 3 -79
8 397 8 766
8 397 353 397
353 766 8 766
353 766 353 397
130 -99 130 52
130 -99 350 -99
350 52 130 52
350 52 350 -99
41 -244 41 -225
41 -244 340 -244
340 -225 41 -225
340 -225 340 -244
8 -171 8 103
8 -171 203 -171
203 103 8 103
203 103 203 -171
-18 -294 -18 -109
-18 -294 32 -294
32 -109 -18 -109
32 -109 32 -294
-218 -82 -218 319
-218 -82 -185 -82
-185 319 -218 319
-185 319 -185 -82
367 -28 367 -11
367 -28 801 -28
801 -11 367 -11
801 -11 801 -28
76 6 76 9
76 6 102 6
102 9 76 9
102 9 102 6
-290 127 -290 262
-290 127 117 127
117 262 -290 262
117 262 117 127
206 44 206 59
206 44 654 44
654 59 206 59
654 59 654 44
482 -366 482 -165
482 -366 858 -366
858 -165 482 -165
858 -165 858 -366
20 382 20 437
20 382 242 382
242 437 20 437
242 437 242 382
-42 -58 -42 336
-42 -58 453 -58
453 336 -42 336
453 336 453 -58
-150 -182 -150 -98
-150 -182 10 -182
10 -98 -150 -98
10 -98 10 -182
238 -371 238 -232
238 -371 381 -371
381 -232 238 -232
381 -232 381 -371
-147 316 -147 340
-147 316 195 316
195 340 -147 340
195 340 195 316
138 -363 138 -305
138 -363 514 -363
514 -305 138 -305
514 -305 514 -363
-268 116 -268 502
-268 116 -97 116
-97 502 -268 502
-97 502 -97 116
-345 -230 -345 233
-345 -230 -315 -230
-315 233 -345 233
-315 233 -315 -230
306 13 306 349
306 13 784 13
784 349 306 349
784 349 784 13
367 271 367 435
367 271 539 271
539 435 367 435
539 435 539 271
-47 418 -47 490
-47 418 266 418
266 490 -47 490
266 490 266 418
-24 -159 -24 -39
-24 -159 386 -159
386 -39 -24 -39
386 -39 386 -159
-386 -475 -386 -32
-386 -475 46 -475
46 -32 -386 -32
46 -32 46 -475
-9 223 -9 244
-9 223 286 223
286 244 -9 244
286 244 286 223
93 -64 93 387
93 -64 547 -64
547 387 93 387
547 387 547 -64
-294 -260 -294 -40
-294 -260 -45 -260
-45 -40 -294 -40
-45 -40 -45 -260
99 329 99 671
99 329 416 329
416 671 99 671
416 671 416 329
20 83 20 230
20 83 408 83
408 230 20 230
408 230 408 83
335 -332 335 -33
335 -332 799 -332
799 -33 335 -33
799 -33 799 -332
-198 424 -198 824
-198 424 84 424
84 824 -198 824
84 824 84 424
61 31 61 95
61 31 302 31
302 95 61 95
302 95 302 31
-180 -86 -180 -29
-180 -86 305 -86
305 -29 -180 -29
305 -29 305 -86
375 -88 375 86
375 -88 559 -88
559 86 375 86
559 86 559 -88
57 235 57 628
57 235 455 235
455 628 57 628
455 628 455 235
-130 365 -130 769
-130 365 -84 365
-84 769 -130 769
-84 769 -84 365
-159 -224 -159 77
-159 -224 127 -224
127 77 -159 77
127 77 127 -224
-30 -231 -30 -221
-30 -231 300 -231
300 -221 -30 -221
300 -221 300 -231
-301 32 -301 403
-301 32 -242 32
-242 403 -301 403
-242 403 -242 32
-191 -185 -191 174
-191 -185 112 -185
112 174 -191 174
112 174 112 -185
-167 -290 -167 -88
-167 -290 270 -290
270 -88 -167 -88
270 -88 270 -290
-304 255 -304 558
-304 255 53 255
53 558 -304 558
53 558 53 255
298 -32 298 250
298 -32 438 -32
438 250 298 250
438 250 438 -32
14 -248 14 28
14 -248 182 -248
182 28 14 28
182 28 182 -248
304 -356 304 -276
304 -356 422 -356
422 -276 304 -276
422 -276 422 -356
335 105 335 180
335 105 550 105
550 180 335 180
550 180 550 105
198 -60 198 154
198 -60 610 -60
610 154 198 154
610 154 610 -60
159 360 159 493
159 360 460 360
460 493 159 493
460 493 460 360
-44 21 -44 468
-44 21 411 21
411 468 -44 468
411 468 411 21
199 314 199 705
199 314 207 314
207 705 199 705
207 705 207 314
-298 433 -298 800
-298 433 -201 433
-201 800 -298 800
-201 800 -201 433
134 220 134 269
134 220 562 220
562 269 134 269
562 269 562 220
-442 74 -442 323
-442 74 -300 74
-300 323 -442 323
-300 323 -300 74
-55 85 -55 152
-55 85 275 85
275 152 -55 152
275 152 275 85
-398 -301 -398 -274
-398 -301 -114 -301
-114 -274 -398 -274
-114 -274 -114 -301
-413 19 -153 19
90 -208 209 -208
-137 -86 -137 151
126 190 126 531
-188 210 -188 371
-164 -296 -164 -53
-287 64 -287 123
-107 -75 -107 251
1 -36 329 -36
-162 -76 129 -76
-160 90 -160 114
184 -179 184 -156
-308 -36 -149 -36
-204 -158 215 -158
-426 29 -99 29
334 309 334 464
-91 -470 -91 20
-99 -233 -99 -61
193 -62 378 -62
171 25 562 25
271 436 271 507
215 69 215 389
280 20 280 233
121 -73 325 -73
-180 204 -33 204
133 -20 458 -20
334 -81 660 -81
-193 -134 -177 -134
-52 82 377 82
21 228 21 700
45 -251 286 -251
-36 74 452 74
228 -394 649 -394
-24 86 -24 299
-309 -37 -71 -37
55 208 55 628
-166 -99 -166 -22
137 50 201 50
41 -220 41 72
-141 -133 -141 324
34 -163 530 -163
137 -149 137 336
346 -205 738 -205
39 293 168 293
-339 -52 -339 75
-203 -20 -203 42
-251 294 -251 559
-354 122 -354 617
-105 91 -105 120
-276 131 -276 602
164 -270 164 -25
-19 -55 406 -55
-87 -197 170 -197
391 -196 745 -196
-102 6 -102 320
-257 -307 -257 -93
144 205 144 287
129 356 129 824
68 -220 68 71
-449 54 -230 54
-307 -430 -3 -430
88 -137 88 -97
263 -195 263 287
-159 -33 -98 -33
130 101 476 101
-373 158 15 158
244 243 536 243
161 286 354 286
91 -96 91 19
322 235 322 633
210 142 284 142
-180 -355 65 -355
-115 120 -15 120
-285 322 -285 448
-99 -286 201 -286
-384 -101 -384 348
55 -147 340 -147
237 140 237 627
-90 -7 136 -7
-187 -330 -187 10
90 77 90 288
-58 -25 -58 468
-20 -9 185 -9
244 135 244 217
-74 -17 -74 151
249 385 329 385
16 72 262 72
-3 -281 104 -281
91 -403 231 -403
482 -45 482 343
-189 144 91 144
77 148 428 148
-24 -297 140 -297
-175 409 -91 409
399 108 399 484
-380 92 -380 368
186 -405 492 -405
-111 -164 321 -164
85 245 134 245
-300 392 65 392
-230 -166 -230 -58
175 310 175 723
-337 96 -337 120
-271 310 -271 786
473 -235 957 -235
-20 320 -20 665
191 15 191 330
-232 -124 -232 20
-124 139 -110 139
-291 34 -291 174
-218 33 200 33
-478 102 -67 102
-38 99 411 99
103 -118 552 -118
-120 -395 -120 50
14 293 14 655
108 -327 593 -327
81 -195 445 -195
175 -199 498 -199
-327 70 -327 108
-106 -236 -81 -236
63 -32 63 170
1 279 1 697
-69 153 -69 201
-52 -12 -52 103
-132 22 261 22
114 -265 114 50
304 -76 570 -76
313 433 766 433
89 -282 89 176
217 329 217 606
-71 -165 -71 34
110 -46 280 -46
-93 -313 258 -313
391 -217 569 -217
49 -157 398 -157
-198 87 63 87
-217 158 -217 580
223 -364 714 -364
351 77 351 320
-26 285 69 285
-155 -176 -155 -107
178 296 610 296
-210 -125 -184 -125
66 345 66 658
135 286 135 549
40 318 403 318
-301 -21 93 -21
-43 92 114 92
145 66 398 66
-210 22 -210 131
208 -307 477 -307
-71 64 390 64
99 -145 408 -145
-56 342 398 342
-15 271 -15 721
159 324 333 324
-1 -154 150 -154
-224 -427 -224 -365
-92 146 -92 551
-29 -20 116 -20
9 -353 293 -353
-102 -242 -55 -242
255 -24 592 -24
325 -355 325 -291
-157 -111 289 -111
-165 349 -165 453
-53 -60 16 -60
446 79 770 79
11 -133 37 -133
-123 -28 -123 47
-26 -112 201 -112
-19 58 -19 496
-99 418 -99 476
-32 80 -32 253
22 -179 70 -179
-163 15 -97 15
31 -292 31 -120
-18 54 -18 287
38 -198 294 -198
-123 -174 -123 -128
87 -380 398 -380
-236 454 -94 454
-223 -149 -223 5
-98 -275 66 -275
-84 135 367 135
-287 -441 -58 -441
-68 57 -68 217
-165 438 26 438
-55 363 -55 854
-71 -452 56 -452
-108 62 57 62
-132 -264 -33 -264
-136 1 114 1
143 190 538 190
51 2 51 403
-41 337 -41 460
145 -358 269 -358
30 -97 30 287
5 -254 235 -254
