1000
-135 -338 -135 84
-135 -338 149 -338
149 84 -135 84
149 84 149 -338
-259 311 -259 800
-259 311 78 311
78 800 -259 800
78 800 78 311
24 -254 24 -174
24 -254 108 -254
108 -174 24 -174
108 -174 108 -254
332 -65 332 -53
332 -65 450 -65
450 -53 332 -53
450 -53 450 -65
53 52 53 461
53 52 269 52
269 461 53 461
269 461 269 52
183 -12 183 486
183 -12 187 -12
187 486 183 486
187 486 187 -12
-380 319 -380 783
-380 319 -304 319
-304 783 -380 783
-304 783 -304 319
35 85 35 426
35 85 354 85
354 426 35 426
354 426 354 85
-259 21 -259 93
-259 21 223 21
223 93 -259 93
223 93 223 21
-91 -200 -91 143
-91 -200 331 -200
331 143 -91 143
331 143 331 -200
-11 -290 -11 -238
-11 -290 0 -290
0 -238 -11 -238
0 -238 0 -290
-150 168 -150 230
-150 168 -69 168
-69 230 -150 230
-69 230 -69 168
-190 269 -190 501
-190 269 -116 269
-116 501 -190 501
-116 501 -116 269
290 -306 290 -12
290 -306 520 -306
520 -12 290 -12
520 -12 520 -306
-54 103 -54 386
-54 103 265 103
265 386 -54 386
265 386 265 103
-207 -99 -207 29
-207 -99 -28 -99
-28 29 -207 29
-28 29 -28 -99
58 -217 58 -143
58 -217 459 -217
459 -143 58 -143
459 -143 459 -217
22 122 22 353
22 122 407 122
407 353 22 353
407 353 407 122
-258 -103 -258 344
-258 -103 79 -103
79 344 -258 344
79 344 79 -103
110 -264 110 145
110 -264 278 -264
278 145 110 145
278 145 278 -264
-4 56 -4 515
-4 56 369 56
369 515 -4 515
369 515 369 56
94 118 94 260
94 118 566 118
566 260 94 260
566 260 566 118
-227 31 -227 349
-227 31 -37 31
-37 349 -227 349
-37 349 -37 31
356 102 356 218
356 102 745 102
745 218 356 218
745 218 745 102
304 125 304 334
304 125 344 125
344 334 304 334
344 334 344 125
208 4 208 8
208 4 300 4
300 8 208 8
300 8 300 4
212 -84 212 11
212 -84 383 -84
383 11 212 11
383 11 383 -84
-67 111 -67 345
-67 111 99 111
99 345 -67 345
99 345 99 111
-29 321 -29 644
-29 321 122 321
122 644 -29 644
122 644 122 321
91 -313 91 -20
91 -313 379 -313
379 -20 91 -20
379 -20 379 -313
185 -55 185 436
185 -55 316 -55
316 436 185 436
316 436 316 -55
181 -277 181 123
181 -277 578 -277
578 123 181 123
578 123 578 -277
-356 -307 -356 96
-356 -307 -94 -307
-94 96 -356 96
-94 96 -94 -307
362 -378 362 -191
362 -378 769 -378
769 -191 362 -191
769 -191 769 -378
229 -336 229 -278
229 -336 671 -336
671 -278 229 -278
671 -278 671 -336
90 -339 90 -300
90 -339 141 -339
141 -300 90 -300
141 -300 141 -339
-31 286 -31 489
-31 286 142 286
142 489 -31 489
142 489 142 286
353 -357 353 49
353 -357 481 -357
481 49 353 49
481 49 481 -357
238 -366 238 -42
238 -366 594 -366
594 -42 238 -42
594 -42 594 -366
3 275 3 433
3 275 310 275
310 433 3 433
310 433 310 275
-142 48 -142 75
-142 48 -34 48
-34 75 -142 75
-34 75 -34 48
-122 25 -122 351
-122 25 21 25
21 351 -122 351
21 351 21 25
151 104 151 210
151 104 380 104
380 210 151 210
380 210 380 104
90 348 90 666
90 348 241 348
241 666 90 666
241 666 241 348
-253 214 -253 242
-253 214 -130 214
-130 242 -253 242
-130 242 -130 214
-205 -343 -205 -215
-205 -343 242 -343
242 -215 -205 -215
242 -215 242 -343
253 -192 253 205
253 -192 598 -192
598 205 253 205
598 205 598 -192
119 -238 119 -6
119 -238 566 -238
566 -6 119 -6
566 -6 566 -238
-80 43 -80 388
-80 43 -70 43
-70 388 -80 388
-70 388 -70 43
51 -337 51 -335
51 -337 131 -337
131 -335 51 -335
131 -335 131 -337
242 -418 242 -379
242 -418 639 -418
639 -379 242 -379
639 -379 639 -418
256 -63 256 424
256 -63 633 -63
633 424 256 424
633 424 633 -63
-175 455 -175 884
-175 455 36 455
36 884 -175 884
36 884 36 455
-479 294 -479 310
-479 294 -373 294
-373 310 -479 310
-373 310 -373 294
119 364 119 435
119 364 516 364
516 435 119 435
516 435 516 364
-294 -69 -294 134
-294 -69 -68 -69
-68 134 -294 134
-68 134 -68 -69
442 233 442 375
442 233 677 233
677 375 442 375
677 375 677 233
-66 236 -66 561
-66 236 248 236
248 561 -66 561
248 561 248 236
-120 -202 -120 -68
-120 -202 -118 -202
-118 -68 -120 -68
-118 -68 -118 -202
1 97 1 533
1 97 498 97
498 533 1 533
498 533 498 97
7 281 7 762
7 281 440 281
440 762 7 762
440 762 440 281
400 -165 400 189
400 -165 416 -165
416 189 400 189
416 189 416 -165
359 214 359 696
359 214 676 214
676 696 359 696
676 696 676 214
64 -383 64 -380
64 -383 532 -383
532 -380 64 -380
532 -380 532 -383
-233 -89 -233 395
-233 -89 33 -89
33 395 -233 395
33 395 33 -89
-51 -1 -51 474
-51 -1 336 -1
336 474 -51 474
336 474 336 -1
-222 313 -222 449
-222 313 -121 313
-121 449 -222 449
-121 449 -121 313
-58 169 -58 239
-58 169 179 169
179 239 -58 239
179 239 179 169
-95 -27 -95 76
-95 -27 364 -27
364 76 -95 76
364 76 364 -27
2 182 2 244
2 182 72 182
72 244 2 244
72 244 72 182
326 -285 326 140
326 -285 420 -285
420 140 326 140
420 140 420 -285
-236 297 -236 653
-236 297 -193 297
-193 653 -236 653
-193 653 -193 297
273 272 273 313
273 272 652 272
652 313 273 313
652 313 652 272
-147 -211 -147 -29
-147 -211 133 -211
133 -29 -147 -29
133 -29 133 -211
-439 -460 -439 -109
-439 -460 -162 -460
-162 -109 -439 -109
-162 -109 -162 -460
-100 280 -100 494
-100 280 162 280
162 494 -100 494
162 494 162 280
50 158 50 635
50 158 199 158
199 635 50 635
199 635 199 158
257 279 257 769
257 279 736 279
736 769 257 769
736 769 736 279
-212 -5 -212 124
-212 -5 236 -5
236 124 -212 124
236 124 236 -5
323 -268 323 145
323 -268 523 -268
523 145 323 145
523 145 523 -268
245 -115 245 83
245 -115 653 -115
653 83 245 83
653 83 653 -115
100 -136 100 345
100 -136 438 -136
438 345 100 345
438 345 438 -136
-99 -88 -99 331
-99 -88 -62 -88
-62 331 -99 331
-62 331 -62 -88
-265 20 -265 457
-265 20 -107 20
-107 457 -265 457
-107 457 -107 20
72 -271 72 182
72 -271 163 -271
163 182 72 182
163 182 163 -271
-284 221 -284 595
-284 221 -129 221
-129 595 -284 595
-129 595 -129 221
-172 -217 -172 -141
-172 -217 28 -217
28 -141 -172 -141
28 -141 28 -217
188 -219 188 238
188 -219 229 -219
229 238 188 238
229 238 229 -219
-256 175 -256 647
-256 175 168 175
168 647 -256 647
168 647 168 175
-84 -328 -84 -35
-84 -328 407 -328
407 -35 -84 -35
407 -35 407 -328
-307 -114 -307 101
-307 -114 -41 -114
-41 101 -307 101
-41 101 -41 -114
-305 -192 -305 113
-305 -192 -138 -192
-138 113 -305 113
-138 113 -138 -192
-302 -198 -302 -173
-302 -198 93 -198
93 -173 -302 -173
93 -173 93 -198
-235 -235 -235 -206
-235 -235 -71 -235
-71 -206 -235 -206
-71 -206 -71 -235
-132 -158 -132 119
-132 -158 213 -158
213 119 -132 119
213 119 213 -158
16 -194 16 -167
16 -194 23 -194
23 -167 16 -167
23 -167 23 -194
124 -281 124 -110
124 -281 273 -281
273 -110 124 -110
273 -110 273 -281
-20 -121 -20 121
-20 -121 203 -121
203 121 -20 121
203 121 203 -121
-11 188 -11 530
-11 188 -2 188
-2 530 -11 530
-2 530 -2 188
-19 -128 -19 16
-19 -128 -1 -128
-1 16 -19 16
-1 16 -1 -128
-50 267 -50 377
-50 267 189 267
189 377 -50 377
189 377 189 267
198 78 198 568
198 78 328 78
328 568 198 568
328 568 328 78
280 17 280 53
280 17 305 17
305 53 280 53
305 53 305 17
-23 68 -23 264
-23 68 266 68
266 264 -23 264
266 264 266 68
103 66 103 235
103 66 370 66
370 235 103 235
370 235 370 66
-163 294 -163 538
-163 294 -14 294
-14 538 -163 538
-14 538 -14 294
-194 84 -194 293
-194 84 -168 84
-168 293 -194 293
-168 293 -168 84
-6 -77 -6 -38
-6 -77 351 -77
351 -38 -6 -38
351 -38 351 -77
174 -329 174 167
174 -329 432 -329
432 167 174 167
432 167 432 -329
-173 171 -173 637
-173 171 -3 171
-3 637 -173 637
-3 637 -3 171
-24 155 -24 640
-24 155 341 155
341 640 -24 640
341 640 341 155
-179 358 -179 818
-179 358 86 358
86 818 -179 818
86 818 86 358
367 69 367 185
367 69 422 69
422 185 367 185
422 185 422 69
61 214 61 227
61 214 290 214
290 227 61 227
290 227 290 214
271 -175 271 16
271 -175 747 -175
747 16 271 16
747 16 747 -175
97 -11 97 410
97 -11 486 -11
486 410 97 410
486 410 486 -11
19 206 19 391
19 206 433 206
433 391 19 391
433 391 433 206
324 -325 324 -46
324 -325 706 -325
706 -46 324 -46
706 -46 706 -325
61 41 61 147
61 41 112 41
112 147 61 147
112 147 112 41
-228 -350 -228 -79
-228 -350 193 -350
193 -79 -228 -79
193 -79 193 -350
32 208 32 432
32 208 421 208
421 432 32 432
421 432 421 208
360 88 360 384
360 88 525 88
525 384 360 384
525 384 525 88
117 137 117 186
117 137 431 137
431 186 117 186
431 186 431 137
13 273 13 552
13 273 293 273
293 552 13 552
293 552 293 273
-338 80 -338 409
-338 80 -45 80
-45 409 -338 409
-45 409 -45 80
-30 235 -30 437
-30 235 47 235
47 437 -30 437
47 437 47 235
284 166 284 251
284 166 468 166
468 251 284 251
468 251 468 166
-379 -62 -379 37
-379 -62 -251 -62
-251 37 -379 37
-251 37 -251 -62
-103 -204 -103 288
-103 -204 184 -204
184 288 -103 288
184 288 184 -204
2 141 2 150
2 141 18 141
18 150 2 150
18 150 18 141
-433 421 -433 515
-433 421 -208 421
-208 515 -433 515
-208 515 -208 421
-174 -24 -174 296
-174 -24 82 -24
82 296 -174 296
82 296 82 -24
135 -191 135 -8
135 -191 190 -191
190 -8 135 -8
190 -8 190 -191
-112 -18 -112 60
-112 -18 218 -18
218 60 -112 60
218 60 218 -18
360 -295 360 6
360 -295 501 -295
501 6 360 6
501 6 501 -295
-22 -209 -22 184
-22 -209 232 -209
232 184 -22 184
232 184 232 -209
-208 167 -208 330
-208 167 127 167
127 330 -208 330
127 330 127 167
-367 154 -367 394
-367 154 -159 154
-159 394 -367 394
-159 394 -159 154
-351 -83 -351 104
-351 -83 -154 -83
-154 104 -351 104
-154 104 -154 -83
85 284 85 347
85 284 583 284
583 347 85 347
583 347 583 284
-17 -99 -17 89
-17 -99 283 -99
283 89 -17 89
283 89 283 -99
-384 -333 -384 -161
-384 -333 34 -333
34 -161 -384 -161
34 -161 34 -333
-166 376 -166 719
-166 376 126 376
126 719 -166 719
126 719 126 376
90 -54 90 112
90 -54 453 -54
453 112 90 112
453 112 453 -54
124 81 124 462
124 81 490 81
490 462 124 462
490 462 490 81
155 -129 155 35
155 -129 348 -129
348 35 155 35
348 35 348 -129
297 -111 297 165
297 -111 758 -111
758 165 297 165
758 165 758 -111
-133 102 -133 437
-133 102 -73 102
-73 437 -133 437
-73 437 -73 102
64 165 64 368
64 165 206 165
206 368 64 368
206 368 206 165
305 84 305 460
305 84 748 84
748 460 305 460
748 460 748 84
-111 18 -111 324
-111 18 23 18
23 324 -111 324
23 324 23 18
16 -145 16 91
16 -145 25 -145
25 91 16 91
25 91 25 -145
227 149 227 312
227 149 384 149
384 312 227 312
384 312 384 149
145 -113 145 99
145 -113 534 -113
534 99 145 99
534 99 534 -113
-83 -246 -83 -33
-83 -246 414 -246
414 -33 -83 -33
414 -33 414 -246
-345 -78 -345 -26
-345 -78 80 -78
80 -26 -345 -26
80 -26 80 -78
-313 -59 -313 140
-313 -59 28 -59
28 140 -313 140
28 140 28 -59
0 144 0 146
0 144 434 144
434 146 0 146
434 146 434 144
-331 416 -331 829
-331 416 -277 416
-277 829 -331 829
-277 829 -277 416
-378 -92 -378 300
-378 -92 -44 -92
-44 300 -378 300
-44 300 -44 -92
217 -458 217 -223
217 -458 556 -458
556 -223 217 -223
556 -223 556 -458
-109 113 -109 246
-109 113 357 113
357 246 -109 246
357 246 357 113
-141 389 -141 716
-141 389 304 389
304 716 -141 716
304 716 304 389
-26 308 -26 580
-26 308 240 308
240 580 -26 580
240 580 240 308
107 57 107 163
107 57 261 57
261 163 107 163
261 163 261 57
6 342 6 370
6 342 319 342
319 370 6 370
319 370 319 342
-300 -260 -300 125
-300 -260 165 -260
165 125 -300 125
165 125 165 -260
37 150 37 332
37 150 244 150
244 332 37 332
244 332 244 150
-197 424 -197 556
-197 424 34 424
34 556 -197 556
34 556 34 424
-95 -170 -95 -127
-95 -170 369 -170
369 -127 -95 -127
369 -127 369 -170
85 -166 85 -157
85 -166 240 -166
240 -157 85 -157
240 -157 240 -166
6 -44 6 310
6 -44 138 -44
138 310 6 310
138 310 138 -44
-309 -124 -309 211
-309 -124 -269 -124
-269 211 -309 211
-269 211 -269 -124
109 -364 109 98
109 -364 281 -364
281 98 109 98
281 98 281 -364
22 413 22 827
22 413 171 413
171 827 22 827
171 827 171 413
218 314 218 800
218 314 277 314
277 800 218 800
277 800 277 314
-228 241 -228 375
-228 241 10 241
10 375 -228 375
10 375 10 241
-38 92 -38 407
-38 92 -35 92
-35 407 -38 407
-35 407 -35 92
342 -24 342 135
342 -24 782 -24
782 135 342 135
782 135 782 -24
66 467 66 806
66 467 370 467
370 806 66 806
370 806 370 467
-286 -224 -286 -147
-286 -224 -221 -224
-221 -147 -286 -147
-221 -147 -221 -224
-48 4 -48 442
-48 4 29 4
29 442 -48 442
29 442 29 4
393 -228 393 86
393 -228 737 -228
737 86 393 86
737 86 737 -228
-108 -172 -108 309
-108 -172 282 -172
282 309 -108 309
282 309 282 -172
298 129 298 517
298 129 397 129
397 517 298 517
397 517 397 129
190 352 190 693
190 352 207 352
207 693 190 693
207 693 207 352
-493 -411 -493 -208
-493 -411 -405 -411
-405 -208 -493 -208
-405 -208 -405 -411
52 195 52 333
52 195 160 195
160 333 52 333
160 333 160 195
69 -365 69 -194
69 -365 306 -365
306 -194 69 -194
306 -194 306 -365
331 -296 331 -219
331 -296 778 -296
778 -219 331 -219
778 -219 778 -296
15 59 15 378
15 59 288 59
288 378 15 378
288 378 288 59
27 72 27 458
27 72 180 72
180 458 27 458
180 458 180 72
-326 -379 -326 -21
-326 -379 -193 -379
-193 -21 -326 -21
-193 -21 -193 -379
11 271 11 326
11 271 321 271
321 326 11 326
321 326 321 271
141 -186 141 -125
141 -186 426 -186
426 -125 141 -125
426 -125 426 -186
-88 69 -88 212
-88 69 306 69
306 212 -88 212
306 212 306 69
59 261 59 685
59 261 191 261
191 685 59 685
191 685 191 261
323 172 323 406
323 172 777 172
777 406 323 406
777 406 777 172
140 130 140 269
140 130 350 130
350 269 140 269
350 269 350 130
-312 121 -312 143
-312 121 -306 121
-306 143 -312 143
-306 143 -306 121
132 142 132 231
132 142 574 142
574 231 132 231
574 231 574 142
-128 -196 -128 -168
-128 -196 -89 -196
-89 -168 -128 -168
-89 -168 -89 -196
-287 -138 -287 220
-287 -138 -230 -138
-230 220 -287 220
-230 220 -230 -138
-223 -54 -223 205
-223 -54 -188 -54
-188 205 -223 205
-188 205 -188 -54
-321 -443 -321 -273
-321 -443 -66 -443
-66 -273 -321 -273
-66 -273 -66 -443
234 241 234 404
234 241 710 241
710 404 234 404
710 404 710 241
240 -124 240 67
240 -124 398 -124
398 67 240 67
398 67 398 -124
141 44 141 509
141 44 444 44
444 509 141 509
444 509 444 44
-9 385 -9 694
-9 385 188 385
188 694 -9 694
188 694 188 385
65 29 65 211
65 29 309 29
309 211 65 211
309 211 309 29
-379 39 -379 350
71 127 344 127
436 193 798 193
231 -50 231 24
-344 -48 -305 -48
26 -85 26 379
308 62 692 62
125 7 296 7
-383 56 -92 56
-404 43 -404 315
-216 423 83 423
-83 284 -83 672
346 -42 346 435
232 327 667 327
51 111 51 586
82 -36 120 -36
-182 112 -182 569
-140 238 -140 519
-5 -278 223 -278
-43 257 -43 413
-200 11 -200 468
-422 -4 -422 26
-223 -135 48 -135
-178 172 -178 225
-123 -294 345 -294
-116 57 -48 57
-322 -90 161 -90
292 -124 292 30
-74 -256 408 -256
137 202 599 202
-382 293 -382 599
-157 -236 10 -236
-260 -25 -260 454
332 176 332 612
-264 -377 -80 -377
372 41 730 41
37 -81 377 -81
160 -247 565 -247
34 164 129 164
-162 -75 -98 -75
14 -122 155 -122
30 276 80 276
231 -104 568 -104
-62 384 -30 384
-235 155 -70 155
434 329 434 714
367 -300 367 -24
-176 -149 309 -149
-151 -190 96 -190
-90 63 4 63
164 -255 273 -255
311 92 311 512
184 -160 203 -160
-163 195 -58 195
73 3 73 153
-10 -15 -10 103
-261 105 -261 423
77 -143 77 -14
103 -169 263 -169
-165 64 -165 447
-134 369 -134 696
78 13 528 13
-75 -2 414 -2
65 100 531 100
-396 -6 -237 -6
-229 246 -229 567
-95 202 56 202
-78 312 -78 745
-180 -175 -180 -107
-14 8 81 8
204 -155 527 -155
-335 318 -335 780
56 -274 482 -274
234 -469 234 -407
-2 -179 339 -179
-362 -137 -362 298
187 -333 187 -301
118 233 118 234
348 -245 722 -245
-5 269 -5 290
134 -36 145 -36
-258 -348 -76 -348
-192 434 -192 744
108 -163 108 261
-209 460 128 460
-111 -202 -111 -41
-251 -260 -251 -101
403 -55 471 -55
459 179 459 416
-152 -154 237 -154
152 117 240 117
410 321 410 331
238 267 238 390
128 -196 544 -196
-211 115 -194 115
232 207 272 207
235 -158 729 -158
-266 24 -266 521
-27 -16 313 -16
-329 362 -153 362
-80 -297 380 -297
18 248 18 510
-163 -250 76 -250
-116 -235 -116 -2
81 167 81 590
238 -96 690 -96
-243 -248 -243 159
-283 163 -2 163
-52 200 -52 531
-73 50 426 50
194 240 194 652
192 175 331 175
-36 -103 -36 355
-361 -207 -361 181
64 -163 161 -163
45 0 349 0
-244 193 -151 193
322 214 322 561
-198 -247 -198 152
-65 225 -65 585
182 -103 182 178
246 -56 246 167
-38 -205 -38 -148
451 146 451 541
255 164 255 360
-332 -72 55 -72
-148 -255 -148 109
-368 -67 -368 189
-35 120 420 120
262 128 724 128
-264 -486 -67 -486
-37 -180 -35 -180
-65 -165 361 -165
-25 379 58 379
72 -57 481 -57
180 224 232 224
201 58 577 58
148 -206 636 -206
-367 -104 -367 -89
-291 -130 -291 337
164 -138 164 -31
377 -101 377 259
-343 -497 -150 -497
198 40 555 40
-17 -104 167 -104
211 22 347 22
-78 -368 153 -368
119 416 273 416
216 -15 296 -15
-10 -376 417 -376
286 -290 385 -290
-199 -85 231 -85
425 -10 746 -10
197 47 197 179
157 -80 203 -80
419 -71 546 -71
172 -167 175 -167
-209 350 266 350
376 -36 754 -36
302 -293 302 -142
