1000
172 65 172 80
172 65 526 65
526 80 172 80
526 80 526 65
-14 39 -14 196
-14 39 63 39
63 196 -14 196
63 196 63 39
-338 306 -338 692
-338 306 -66 306
-66 692 -338 692
-66 692 -66 306
49 85 49 234
49 85 193 85
193 234 49 234
193 234 193 85
35 1 35 84
35 1 312 1
312 84 35 84
312 84 312 1
85 -10 85 220
85 -10 105 -10
105 220 85 220
105 220 105 -10
-289 -238 -289 -19
-289 -238 93 -238
93 -19 -289 -19
93 -19 93 -238
129 129 129 414
129 129 397 129
397 414 129 414
397 414 397 129
-229 49 -229 222
-229 49 185 49
185 222 -229 222
185 222 185 49
-68 7 -68 436
-68 7 -49 7
-49 436 -68 436
-49 436 -49 7
184 54 184 57
184 54 219 54
219 57 184 57
219 57 219 54
-244 -33 -244 290
-244 -33 -51 -33
-51 290 -244 290
-51 290 -51 -33
274 -322 274 -188
274 -322 709 -322
709 -188 274 -188
709 -188 709 -322
-358 -268 -358 124
-358 -268 31 -268
31 124 -358 124
31 124 31 -268
95 274 95 472
95 274 455 274
455 472 95 472
455 472 455 274
-154 101 -154 589
-154 101 75 101
75 589 -154 589
75 589 75 101
115 -153 115 287
115 -153 212 -153
212 287 115 287
212 287 212 -153
-140 -10 -140 211
-140 -10 48 -10
48 211 -140 211
48 211 48 -10
126 307 126 502
126 307 169 307
169 502 126 502
169 502 169 307
-225 199 -225 584
-225 199 -71 199
-71 584 -225 584
-71 584 -71 199
-162 228 -162 461
-162 228 254 228
254 461 -162 461
254 461 254 228
-210 133 -210 380
-210 133 211 133
211 380 -210 380
211 380 211 133
26 -41 26 416
26 -41 305 -41
305 416 26 416
305 416 305 -41
-93 -232 -93 -201
-93 -232 44 -232
44 -201 -93 -201
44 -201 44 -232
91 -167 91 -55
91 -167 329 -167
329 -55 91 -55
329 -55 329 -167
-216 213 -216 574
-216 213 -114 213
-114 574 -216 574
-114 574 -114 213
-160 262 -160 694
-160 262 223 262
223 694 -160 694
223 694 223 262
-99 239 -99 558
-99 239 148 239
148 558 -99 558
148 558 148 239
-169 -160 -169 41
-169 -160 -133 -160
-133 41 -169 41
-133 41 -133 -160
83 -216 83 -89
83 -216 533 -216
533 -89 83 -89
533 -89 533 -216
255 316 255 667
255 316 738 316
738 667 255 667
738 667 738 316
-186 20 -186 236
-186 20 -52 20
-52 236 -186 236
-52 236 -52 20
-246 267 -246 347
-246 267 -207 267
-207 347 -246 347
-207 347 -207 267
164 -194 164 -42
164 -194 244 -194
244 -42 164 -42
244 -42 244 -194
158 -206 158 87
158 -206 492 -206
492 87 158 87
492 87 492 -206
228 136 228 303
228 136 369 136
369 303 228 303
369 303 369 136
84 -27 84 465
84 -27 538 -27
538 465 84 465
538 465 538 -27
-52 -150 -52 -115
-52 -150 337 -150
337 -115 -52 -115
337 -115 337 -150
326 -101 326 -54
326 -101 806 -101
806 -54 326 -54
806 -54 806 -101
86 -4 86 419
86 -4 543 -4
543 419 86 419
543 419 543 -4
-436 -8 -436 83
-436 -8 -200 -8
-200 83 -436 83
-200 83 -200 -8
-33 189 -33 216
-33 189 175 189
175 216 -33 216
175 216 175 189
-309 -277 -309 172
-309 -277 -185 -277
-185 172 -309 172
-185 172 -185 -277
-116 -140 -116 -24
-116 -140 -31 -140
-31 -24 -116 -24
-31 -24 -31 -140
-381 378 -381 642
-381 378 2 378
2 642 -381 642
2 642 2 378
62 -71 62 -7
62 -71 269 -71
269 -7 62 -7
269 -7 269 -71
-190 -103 -190 -7
-190 -103 53 -103
53 -7 -190 -7
53 -7 53 -103
-56 -106 -56 335
-56 -106 260 -106
260 335 -56 335
260 335 260 -106
-24 325 -24 329
-24 325 189 325
189 329 -24 329
189 329 189 325
38 -203 38 -12
38 -203 193 -203
193 -12 38 -12
193 -12 193 -203
102 203 102 520
102 203 313 203
313 520 102 520
313 520 313 203
-203 -52 -203 313
-203 -52 177 -52
177 313 -203 313
177 313 177 -52
-132 -141 -132 69
-132 -141 -16 -141
-16 69 -132 69
-16 69 -16 -141
-1 257 -1 486
-1 257 491 257
491 486 -1 486
491 486 491 257
278 42 278 456
278 42 612 42
612 456 278 456
612 456 612 42
-370 -467 -370 -176
-370 -467 10 -467
10 -176 -370 -176
10 -176 10 -467
87 3 87 481
87 3 566 3
566 481 87 481
566 481 566 3
210 -180 210 -53
210 -180 520 -180
520 -53 210 -53
520 -53 520 -180
1 279 1 639
1 279 483 279
483 639 1 639
483 639 483 279
21 -318 21 -18
21 -318 155 -318
155 -18 21 -18
155 -18 155 -318
-84 70 -84 283
-84 70 355 70
355 283 -84 283
355 283 355 70
-306 -57 -306 320
-306 -57 173 -57
173 320 -306 320
173 320 173 -57
-76 12 -76 159
-76 12 79 12
79 159 -76 159
79 159 79 12
71 21 71 415
71 21 203 21
203 415 71 415
203 415 203 21
-112 -255 -112 -54
-112 -255 110 -255
110 -54 -112 -54
110 -54 110 -255
-29 -121 -29 153
-29 -121 18 -121
18 153 -29 153
18 153 18 -121
-312 95 -312 542
-312 95 137 95
137 542 -312 542
137 542 137 95
104 -180 104 178
104 -180 106 -180
106 178 104 178
106 178 106 -180
188 170 188 626
188 170 351 170
351 626 188 626
351 626 351 170
310 -14 310 323
310 -14 758 -14
758 323 310 323
758 323 758 -14
-30 259 -30 347
-30 259 273 259
273 347 -30 347
273 347 273 259
-334 118 -334 128
-334 118 -289 118
-289 128 -334 128
-289 128 -289 118
133 105 133 548
133 105 479 105
479 548 133 548
479 548 479 105
-110 -34 -110 340
-110 -34 83 -34
83 340 -110 340
83 340 83 -34
389 52 389 411
389 52 737 52
737 411 389 411
737 411 737 52
325 -298 325 -34
325 -298 494 -298
494 -34 325 -34
494 -34 494 -298
-170 404 -170 647
-170 404 177 404
177 647 -170 647
177 647 177 404
353 140 353 181
353 140 704 140
704 181 353 181
704 181 704 140
-403 -156 -403 326
-403 -156 -228 -156
-228 326 -403 326
-228 326 -228 -156
-319 139 -319 141
-319 139 -188 139
-188 141 -319 141
-188 141 -188 139
-399 186 -399 686
-399 186 -121 186
-121 686 -399 686
-121 686 -121 186
-477 421 -477 428
-477 421 -309 421
-309 428 -477 428
-309 428 -309 421
-53 147 -53 373
-53 147 191 147
191 373 -53 373
191 373 191 147
263 422 263 514
263 422 494 422
494 514 263 514
494 514 494 422
-139 -152 -139 5
-139 -152 -57 -152
-57 5 -139 5
-57 5 -57 -152
23 61 23 186
23 61 245 61
245 186 23 186
245 186 245 61
-139 -439 -139 -333
-139 -439 239 -439
239 -333 -139 -333
239 -333 239 -439
34 5 34 450
34 5 373 5
373 450 34 450
373 450 373 5
190 -79 190 40
190 -79 197 -79
197 40 190 40
197 40 197 -79
-92 -79 -92 363
-92 -79 -47 -79
-47 363 -92 363
-47 363 -47 -79
-171 -36 -171 366
-171 -36 114 -36
114 366 -171 366
114 366 114 -36
241 -13 241 108
241 -13 633 -13
633 108 241 108
633 108 633 -13
-151 190 -151 661
-151 190 23 190
23 661 -151 661
23 661 23 190
-91 370 -91 691
-91 370 229 370
229 691 -91 691
229 691 229 370
159 -95 159 45
159 -95 542 -95
542 45 159 45
542 45 542 -95
-60 -292 -60 59
-60 -292 381 -292
381 59 -60 59
381 59 381 -292
-217 -189 -217 -178
-217 -189 139 -189
139 -178 -217 -178
139 -178 139 -189
-386 169 -386 610
-386 169 -316 169
-316 610 -386 610
-316 610 -316 169
264 85 264 242
264 85 268 85
268 242 264 242
268 242 268 85
-270 379 -270 756
-270 379 12 379
12 756 -270 756
12 756 12 379
251 25 251 445
251 25 741 25
741 445 251 445
741 445 741 25
135 -237 135 118
135 -237 315 -237
315 118 135 118
315 118 315 -237
5 269 5 455
5 269 250 269
250 455 5 455
250 455 250 269
118 -137 118 128
118 -137 163 -137
163 128 118 128
163 128 163 -137
90 -253 90 -194
90 -253 137 -253
137 -194 90 -194
137 -194 137 -253
-462 -300 -462 -1
-462 -300 -435 -300
-435 -1 -462 -1
-435 -1 -435 -300
258 127 258 460
258 127 624 127
624 460 258 460
624 460 624 127
-32 331 -32 622
-32 331 193 331
193 622 -32 622
193 622 193 331
-226 435 -226 618
-226 435 69 435
69 618 -226 618
69 618 69 435
350 -447 350 -288
350 -447 614 -447
614 -288 350 -288
614 -288 614 -447
263 186 263 237
263 186 726 186
726 237 263 237
726 237 726 186
35 163 35 191
35 163 481 163
481 191 35 191
481 191 481 163
-218 -368 -218 -85
-218 -368 68 -368
68 -85 -218 -85
68 -85 68 -368
146 -246 146 -91
146 -246 168 -246
168 -91 146 -91
168 -91 168 -246
404 231 404 436
404 231 904 231
904 436 404 436
904 436 904 231
165 -196 165 256
165 -196 474 -196
474 256 165 256
474 256 474 -196
76 -88 76 247
76 -88 504 -88
504 247 76 247
504 247 504 -88
-26 -35 -26 -24
-26 -35 149 -35
149 -24 -26 -24
149 -24 149 -35
-290 159 -290 385
-290 159 -104 159
-104 385 -290 385
-104 385 -104 159
54 -231 54 -215
54 -231 369 -231
369 -215 54 -215
369 -215 369 -231
-36 236 -36 268
-36 236 234 236
234 268 -36 268
234 268 234 236
331 164 331 663
331 164 827 164
827 663 331 663
827 663 827 164
85 -120 85 -100
85 -120 190 -120
190 -100 85 -100
190 -100 190 -120
231 134 231 255
231 134 730 134
730 255 231 255
730 255 730 134
132 126 132 152
132 126 631 126
631 152 132 152
631 152 631 126
140 31 140 423
140 31 510 31
510 423 140 423
510 423 510 31
-196 57 -196 302
-196 57 -164 57
-164 302 -196 302
-164 302 -164 57
-65 296 -65 411
-65 296 9 296
9 411 -65 411
9 411 9 296
298 154 298 446
298 154 443 154
443 446 298 446
443 446 443 154
257 183 257 325
257 183 326 183
326 325 257 325
326 325 326 183
32 399 32 492
32 399 395 399
395 492 32 492
395 492 395 399
56 -78 56 422
56 -78 174 -78
174 422 56 422
174 422 174 -78
-204 88 -204 336
-204 88 -27 88
-27 336 -204 336
-27 336 -27 88
111 -65 111 13
111 -65 328 -65
328 13 111 13
328 13 328 -65
195 -193 195 -108
195 -193 278 -193
278 -108 195 -108
278 -108 278 -193
-90 -187 -90 -97
-90 -187 -6 -187
-6 -97 -90 -97
-6 -97 -6 -187
298 79 298 114
298 79 368 79
368 114 298 114
368 114 368 79
113 -451 113 -282
113 -451 462 -451
462 -282 113 -282
462 -282 462 -451
-127 413 -127 517
-127 413 -42 413
-42 517 -127 517
-42 517 -42 413
52 56 52 215
52 56 498 56
498 215 52 215
498 215 498 56
51 -233 51 -102
51 -233 529 -233
529 -102 51 -102
529 -102 529 -233
-143 490 -143 967
-143 490 30 490
30 967 -143 967
30 967 30 490
52 -239 52 22
52 -239 211 -239
211 22 52 22
211 22 211 -239
-108 -29 -108 377
-108 -29 -6 -29
-6 377 -108 377
-6 377 -6 -29
-95 -454 -95 -342
-95 -454 205 -454
205 -342 -95 -342
205 -342 205 -454
-381 -63 -381 218
-381 -63 8 -63
8 218 -381 218
8 218 8 -63
349 -276 349 38
349 -276 679 -276
679 38 349 38
679 38 679 -276
41 -183 41 264
41 -183 124 -183
124 264 41 264
124 264 124 -183
-277 245 -277 566
-277 245 -7 245
-7 566 -277 566
-7 566 -7 245
123 75 123 267
123 75 236 75
236 267 123 267
236 267 236 75
-376 146 -376 416
-376 146 -168 146
-168 416 -376 416
-168 416 -168 146
429 -192 429 -62
429 -192 880 -192
880 -62 429 -62
880 -62 880 -192
-112 164 -112 265
-112 164 194 164
194 265 -112 265
194 265 194 164
-201 178 -201 628
-201 178 -149 178
-149 628 -201 628
-149 628 -149 178
-57 81 -57 158
-57 81 54 81
54 158 -57 158
54 158 54 81
283 23 283 369
283 23 293 23
293 369 283 369
293 369 293 23
-170 -267 -170 -209
-170 -267 -165 -267
-165 -209 -170 -209
-165 -209 -165 -267
-1 46 -1 201
-1 46 145 46
145 201 -1 201
145 201 145 46
262 -136 262 166
262 -136 683 -136
683 166 262 166
683 166 683 -136
-48 -195 -48 -127
-48 -195 6 -195
6 -127 -48 -127
6 -127 6 -195
8 -197 8 -98
8 -197 489 -197
489 -98 8 -98
489 -98 489 -197
-86 -58 -86 115
-86 -58 311 -58
311 115 -86 115
311 115 311 -58
-106 145 -106 365
-106 145 125 145
125 365 -106 365
125 365 125 145
314 -174 314 228
314 -174 556 -174
556 228 314 228
556 228 556 -174
-285 217 -285 348
-285 217 -109 217
-109 348 -285 348
-109 348 -109 217
-189 136 -189 516
-189 136 -111 136
-111 516 -189 516
-111 516 -111 136
-105 93 -105 500
-105 93 22 93
22 500 -105 500
22 500 22 93
44 -162 44 -16
44 -162 351 -162
351 -16 44 -16
351 -16 351 -162
-124 76 -124 416
-124 76 -15 76
-15 416 -124 416
-15 416 -15 76
167 359 167 363
167 359 540 359
540 363 167 363
540 363 540 359
-282 -39 -282 413
-282 -39 -235 -39
-235 413 -282 413
-235 413 -235 -39
294 37 294 451
294 37 562 37
562 451 294 451
562 451 562 37
-391 -101 -391 349
-391 -101 -328 -101
-328 349 -391 349
-328 349 -328 -101
-22 -4 -22 395
-22 -4 19 -4
19 395 -22 395
19 395 19 -4
-319 -102 -319 -20
-319 -102 -84 -102
-84 -20 -319 -20
-84 -20 -84 -102
-54 -468 -54 -274
-54 -468 270 -468
270 -274 -54 -274
270 -274 270 -468
-61 410 -61 819
-61 410 154 410
154 819 -61 819
154 819 154 410
395 -129 395 226
395 -129 888 -129
888 226 395 226
888 226 888 -129
-396 -446 -396 -270
-396 -446 -351 -446
-351 -270 -396 -270
-351 -270 -351 -446
312 -347 312 -184
312 -347 773 -347
773 -184 312 -184
773 -184 773 -347
-141 285 -141 468
-141 285 343 285
343 468 -141 468
343 468 343 285
40 214 40 511
40 214 531 214
531 511 40 511
531 511 531 214
-153 -367 -153 -64
-153 -367 -50 -367
-50 -64 -153 -64
-50 -64 -50 -367
143 10 143 81
143 10 630 10
630 81 143 81
630 81 630 10
-112 280 -112 671
-112 280 266 280
266 671 -112 671
266 671 266 280
-353 28 -353 264
-353 28 -313 28
-313 264 -353 264
-313 264 -313 28
256 387 256 688
256 387 631 387
631 688 256 688
631 688 631 387
-2 -356 -2 -93
-2 -356 468 -356
468 -93 -2 -93
468 -93 468 -356
-134 248 -134 488
-134 248 144 248
144 488 -134 488
144 488 144 248
182 209 182 690
182 209 505 209
505 690 182 690
505 690 505 209
-311 42 -311 513
-311 42 -305 42
-305 513 -311 513
-305 513 -305 42
378 444 378 805
378 444 468 444
468 805 378 805
468 805 468 444
54 199 54 429
54 199 150 199
150 429 54 429
150 429 150 199
103 94 103 260
103 94 317 94
317 260 103 260
317 260 317 94
219 189 219 586
219 189 684 189
684 586 219 586
684 586 684 189
-264 -30 -264 156
-264 -30 -182 -30
-182 156 -264 156
-182 156 -182 -30
-20 367 -20 643
-20 367 187 367
187 643 -20 643
187 643 187 367
-35 389 -35 778
-35 389 345 389
345 778 -35 778
345 778 345 389
279 125 279 312
279 125 724 125
724 312 279 312
724 312 724 125
-28 -401 -28 -295
-28 -401 340 -401
340 -295 -28 -295
340 -295 340 -401
24 -325 24 -278
24 -325 94 -325
94 -278 24 -278
94 -278 94 -325
-126 -65 -126 272
-126 -65 108 -65
108 272 -126 272
108 272 108 -65
16 218 16 454
16 218 301 218
301 454 16 454
301 454 301 218
43 209 43 571
43 209 178 209
178 571 43 571
178 571 178 209
-249 -307 -249 -206
-249 -307 38 -307
38 -206 -249 -206
38 -206 38 -307
209 180 209 379
209 180 391 180
391 379 209 379
391 379 391 180
148 -6 148 20
148 -6 171 -6
171 20 148 20
171 20 171 -6
327 -402 327 -263
327 -402 802 -402
802 -263 327 -263
802 -263 802 -402
-192 182 -192 405
-192 182 -63 182
-63 405 -192 405
-63 405 -63 182
-397 -214 -397 -129
-397 -214 -187 -214
-187 -129 -397 -129
-187 -129 -187 -214
219 -362 219 28
219 -362 396 -362
396 28 219 28
396 28 396 -362
-177 90 -177 202
-177 90 290 90
290 202 -177 202
290 202 290 90
425 -79 425 156
425 -79 859 -79
859 156 425 156
859 156 859 -79
-387 46 -387 400
-387 46 -237 46
-237 400 -387 400
-237 400 -237 46
403 -372 403 -158
403 -372 675 -372
675 -158 403 -158
675 -158 675 -372
303 -124 303 240
303 -124 382 -124
382 240 303 240
382 240 382 -124
317 -304 317 24
317 -304 430 -304
430 24 317 24
430 24 430 -304
-32 -246 -32 -198
-32 -246 50 -246
50 -198 -32 -198
50 -198 50 -246
272 -52 272 330
272 -52 646 -52
646 330 272 330
646 330 646 -52
23 -45 23 -26
23 -45 275 -45
275 -26 23 -26
275 -26 275 -45
-360 -307 -360 -66
-257 -312 -257 -63
-7 52 297 52
100 -25 506 -25
119 77 422 77
147 184 147 505
374 191 374 511
-149 -414 -110 -414
-64 144 -1 144
-124 50 91 50
-5 122 -5 353
57 -185 159 -185
198 272 198 702
177 -49 534 -49
70 7 180 7
136 -157 136 224
205 123 596 123
-76 -192 395 -192
-19 -195 -19 255
-24 -14 284 -14
216 249 631 249
-91 -138 -12 -138
36 239 36 706
-13 105 -13 424
176 131 176 345
324 -178 328 -178
222 216 497 216
-189 60 -24 60
79 -84 175 -84
30 -129 368 -129
-82 -109 -82 269
18 -443 340 -443
-448 56 -448 201
468 -279 559 -279
-4 103 202 103
360 -348 523 -348
177 -81 527 -81
-127 180 -45 180
202 314 202 723
-98 329 -45 329
82 49 82 436
16 -30 16 56
179 -358 669 -358
-155 -117 -145 -117
-464 116 -21 116
-6 173 180 173
-80 -179 -80 130
-29 167 -29 550
118 172 118 217
-388 -53 -388 321
-24 -2 298 -2
107 -400 253 -400
72 -8 89 -8
0 -68 0 57
-138 -47 -138 75
30 -44 30 324
-360 -20 -360 63
-125 200 -125 408
75 -336 75 -92
200 4 485 4
-52 -31 67 -31
-116 -280 -2 -280
-286 -32 -223 -32
61 -106 61 346
63 -60 102 -60
-137 152 -64 152
439 -259 937 -259
344 -84 738 -84
-262 -48 -262 -30
347 350 667 350
411 -118 506 -118
-150 -232 -150 217
-209 199 -209 596
284 -449 757 -449
439 -36 439 -4
-294 386 -294 807
40 -77 94 -77
-184 6 -77 6
-34 192 376 192
207 -298 231 -298
-42 129 65 129
-108 -73 321 -73
-301 -26 -301 342
43 104 332 104
289 -155 289 275
-175 -113 -175 176
16 -196 16 -136
327 252 327 714
273 -204 273 185
-131 117 -131 191
245 -290 613 -290
147 -268 147 90
-83 -154 38 -154
219 -139 273 -139
95 196 154 196
-47 120 226 120
237 96 257 96
-297 148 -79 148
-58 -458 -58 -131
408 141 408 178
40 -288 62 -288
-252 -217 -252 -97
-413 232 -278 232
274 84 274 299
-276 7 -276 26
99 -212 99 117
-323 311 -323 676
-402 -137 -402 360
267 112 397 112
-374 -250 -374 -20
192 3 192 28
-62 -432 305 -432
121 -40 121 48
-147 339 -82 339
-105 -172 332 -172
-124 7 -87 7
183 -69 183 267
-155 -177 30 -177
343 -346 343 148
-1 122 232 122
