1000
-101 -58 -101 -26
-101 -58 239 -58
239 -26 -101 -26
239 -26 239 -58
-122 -44 -122 302
-122 -44 274 -44
274 302 -122 302
274 302 274 -44
-281 48 -281 405
-281 48 -48 48
-48 405 -281 405
-48 405 -48 48
-33 369 -33 456
-33 369 47 369
47 456 -33 456
47 456 47 369
179 68 179 568
179 68 295 68
295 568 179 568
295 568 295 68
367 13 367 99
367 13 461 13
461 99 367 99
461 99 461 13
-135 446 -135 502
-135 446 -37 446
-37 502 -135 502
-37 502 -37 446
126 382 126 625
126 382 552 382
552 625 126 625
552 625 552 382
-93 326 -93 346
-93 326 325 326
325 346 -93 346
325 346 325 326
-16 147 -16 344
-16 147 240 147
240 344 -16 344
240 344 240 147
-156 196 -156 660
-156 196 113 196
113 660 -156 660
113 660 113 196
5 202 5 319
5 202 142 202
142 319 5 319
142 319 142 202
211 -429 211 -46
211 -429 405 -429
405 -46 211 -46
405 -46 405 -429
-134 64 -134 185
-134 64 7 64
7 185 -134 185
7 185 7 64
101 67 101 552
101 67 232 67
232 552 101 552
232 552 232 67
-236 -105 -236 35
-236 -105 60 -105
60 35 -236 35
60 35 60 -105
-335 -94 -335 26
-335 -94 -145 -94
-145 26 -335 26
-145 26 -145 -94
139 -277 139 58
139 -277 212 -277
212 58 139 58
212 58 212 -277
-93 108 -93 199
-93 108 206 108
206 199 -93 199
206 199 206 108
-13 -85 -13 194
-13 -85 355 -85
355 194 -13 194
355 194 355 -85
-117 -215 -117 27
-117 -215 142 -215
142 27 -117 27
142 27 142 -215
-249 -151 -249 -135
-249 -151 228 -151
228 -135 -249 -135
228 -135 228 -151
-17 440 -17 520
-17 440 207 440
207 520 -17 520
207 520 207 440
409 -204 409 -20
409 -204 804 -204
804 -20 409 -20
804 -20 804 -204
107 -131 107 -84
107 -131 256 -131
256 -84 107 -84
256 -84 256 -131
-191 29 -191 478
-191 29 288 29
288 478 -191 478
288 478 288 29
143 373 143 634
143 373 537 373
537 634 143 634
537 634 537 373
-12 -338 -12 -331
-12 -338 75 -338
75 -331 -12 -331
75 -331 75 -338
384 -179 384 33
384 -179 493 -179
493 33 384 33
493 33 493 -179
-4 -310 -4 -221
-4 -310 358 -310
358 -221 -4 -221
358 -221 358 -310
-233 65 -233 298
-233 65 -173 65
-173 298 -233 298
-173 298 -173 65
-154 -93 -154 57
-154 -93 46 -93
46 57 -154 57
46 57 46 -93
-105 214 -105 545
-105 214 -89 214
-89 545 -105 545
-89 545 -89 214
317 310 317 592
317 310 493 310
493 592 317 592
493 592 493 310
-95 418 -95 846
-95 418 10 418
10 846 -95 846
10 846 10 418
-118 115 -118 207
-118 115 183 115
183 207 -118 207
183 207 183 115
264 -123 264 200
264 -123 373 -123
373 200 264 200
373 200 373 -123
-62 128 -62 506
-62 128 321 128
321 506 -62 506
321 506 321 128
17 -166 17 -121
17 -166 361 -166
361 -121 17 -121
361 -121 361 -166
63 -155 63 118
63 -155 160 -155
160 118 63 118
160 118 160 -155
162 46 162 327
162 46 251 46
251 327 162 327
251 327 251 46
94 116 94 524
94 116 395 116
395 524 94 524
395 524 395 116
120 -28 120 352
120 -28 431 -28
431 352 120 352
431 352 431 -28
196 -193 196 -97
196 -193 403 -193
403 -97 196 -97
403 -97 403 -193
-11 457 -11 810
-11 457 432 457
432 810 -11 810
432 810 432 457
31 -146 31 -84
31 -146 97 -146
97 -84 31 -84
97 -84 97 -146
144 -106 144 290
144 -106 549 -106
549 290 144 290
549 290 549 -106
382 -195 382 -9
382 -195 866 -195
866 -9 382 -9
866 -9 866 -195
-408 89 -408 269
-408 89 64 89
64 269 -408 269
64 269 64 89
190 43 190 271
190 43 316 43
316 271 190 271
316 271 316 43
-180 -262 -180 -235
-180 -262 -167 -262
-167 -235 -180 -235
-167 -235 -167 -262
0 -110 0 239
0 -110 16 -110
16 239 0 239
16 239 16 -110
-60 281 -60 461
-60 281 217 281
217 461 -60 461
217 461 217 281
-67 -111 -67 -65
-67 -111 92 -111
92 -65 -67 -65
92 -65 92 -111
-359 -44 -359 313
-359 -44 -135 -44
-135 313 -359 313
-135 313 -135 -44
73 -280 73 -53
73 -280 506 -280
506 -53 73 -53
506 -53 506 -280
235 11 235 328
235 11 450 11
450 328 235 328
450 328 450 11
158 -242 158 -188
158 -242 312 -242
312 -188 158 -188
312 -188 312 -242
204 76 204 153
204 76 575 76
575 153 204 153
575 153 575 76
23 -60 23 250
23 -60 178 -60
178 250 23 250
178 250 178 -60
138 -291 138 154
138 -291 319 -291
319 154 138 154
319 154 319 -291
-149 227 -149 351
-149 227 140 227
140 351 -149 351
140 351 140 227
181 358 181 656
181 358 544 358
544 656 181 656
544 656 544 358
-403 -16 -403 371
-403 -16 -192 -16
-192 371 -403 371
-192 371 -192 -16
-259 131 -259 287
-259 131 -198 131
-198 287 -259 287
-198 287 -198 131
-60 -223 -60 37
-60 -223 411 -223
411 37 -60 37
411 37 411 -223
169 238 169 712
169 238 459 238
459 712 169 712
459 712 459 238
-331 179 -331 421
-331 179 -329 179
-329 421 -331 421
-329 421 -329 179
-225 -81 -225 3
-225 -81 31 -81
31 3 -225 3
31 3 31 -81
-53 -1 -53 359
-53 -1 207 -1
207 359 -53 359
207 359 207 -1
198 206 198 546
198 206 413 206
413 546 198 546
413 546 413 206
-324 -133 -324 178
-324 -133 -161 -133
-161 178 -324 178
-161 178 -161 -133
-227 -441 -227 -22
-227 -441 136 -441
136 -22 -227 -22
136 -22 136 -441
-415 281 -415 361
-415 281 -358 281
-358 361 -415 361
-358 361 -358 281
221 -182 221 -36
221 -182 392 -182
392 -36 221 -36
392 -36 392 -182
-383 -226 -383 -152
-383 -226 -230 -226
-230 -152 -383 -152
-230 -152 -230 -226
-397 304 -397 786
-397 304 -344 304
-344 786 -397 786
-344 786 -344 304
225 -374 225 -348
225 -374 440 -374
440 -348 225 -348
440 -348 440 -374
-55 31 -55 235
-55 31 177 31
177 235 -55 235
177 235 177 31
324 173 324 649
324 173 754 173
754 649 324 649
754 649 754 173
-47 -167 -47 -108
-47 -167 252 -167
252 -108 -47 -108
252 -108 252 -167
128 -34 128 -23
128 -34 519 -34
519 -23 128 -23
519 -23 519 -34
75 33 75 502
75 33 281 33
281 502 75 502
281 502 281 33
257 -333 257 165
257 -333 707 -333
707 165 257 165
707 165 707 -333
-201 -149 -201 144
-201 -149 217 -149
217 144 -201 144
217 144 217 -149
77 125 77 464
77 125 315 125
315 464 77 464
315 464 315 125
182 412 182 773
182 412 634 412
634 773 182 773
634 773 634 412
250 -341 250 -11
250 -341 285 -341
285 -11 250 -11
285 -11 285 -341
-24 -18 -24 377
-24 -18 394 -18
394 377 -24 377
394 377 394 -18
95 270 95 669
95 270 308 270
308 669 95 669
308 669 308 270
-362 140 -362 252
-362 140 -10 140
-10 252 -362 252
-10 252 -10 140
109 -153 109 121
109 -153 460 -153
460 121 109 121
460 121 460 -153
96 -289 96 -178
96 -289 536 -289
536 -178 96 -178
536 -178 536 -289
-296 -240 -296 -145
-296 -240 -185 -240
-185 -145 -296 -145
-185 -145 -185 -240
-412 293 -412 562
-412 293 -396 293
-396 562 -412 562
-396 562 -396 293
74 -392 74 -213
74 -392 265 -392
265 -213 74 -213
265 -213 265 -392
-19 -175 -19 -6
-19 -175 173 -175
173 -6 -19 -6
173 -6 173 -175
-178 93 -178 113
-178 93 -119 93
-119 113 -178 113
-119 113 -119 93
213 145 213 355
213 145 375 145
375 355 213 355
375 355 375 145
5 -226 5 -73
5 -226 326 -226
326 -73 5 -73
326 -73 326 -226
-45 486 -45 569
-45 486 55 486
55 569 -45 569
55 569 55 486
-40 -318 -40 -51
-40 -318 135 -318
135 -51 -40 -51
135 -51 135 -318
1 -33 1 5
1 -33 365 -33
365 5 1 5
365 5 365 -33
-260 -38 -260 146
-260 -38 154 -38
154 146 -260 146
154 146 154 -38
265 318 265 517
265 318 314 318
314 517 265 517
314 517 314 318
-47 -431 -47 -259
-47 -431 68 -431
68 -259 -47 -259
68 -259 68 -431
1 105 1 340
1 105 500 105
500 340 1 340
500 340 500 105
-139 -5 -139 94
-139 -5 308 -5
308 94 -139 94
308 94 308 -5
151 136 151 335
151 136 451 136
451 335 151 335
451 335 451 136
-304 -379 -304 69
-304 -379 183 -379
183 69 -304 69
183 69 183 -379
-123 353 -123 835
-123 353 297 353
297 835 -123 835
297 835 297 353
-219 189 -219 590
-219 189 83 189
83 590 -219 590
83 590 83 189
-126 325 -126 493
-126 325 -38 325
-38 493 -126 493
-38 493 -38 325
-37 -25 -37 237
-37 -25 -23 -25
-23 237 -37 237
-23 237 -23 -25
-332 -129 -332 262
-332 -129 -49 -129
-49 262 -332 262
-49 262 -49 -129
306 176 306 292
306 176 721 176
721 292 306 292
721 292 721 176
-116 223 -116 267
-116 223 -30 223
-30 267 -116 267
-30 267 -30 223
376 -269 376 -229
376 -269 746 -269
746 -229 376 -229
746 -229 746 -269
370 189 370 199
370 189 406 189
406 199 370 199
406 199 406 189
149 -186 149 178
149 -186 304 -186
304 178 149 178
304 178 304 -186
21 74 21 258
21 74 419 74
419 258 21 258
419 258 419 74
164 -332 164 63
164 -332 660 -332
660 63 164 63
660 63 660 -332
-216 -85 -216 295
-216 -85 -185 -85
-185 295 -216 295
-185 295 -185 -85
71 -196 71 -25
71 -196 535 -196
535 -25 71 -25
535 -25 535 -196
-327 -9 -327 66
-327 -9 -87 -9
-87 66 -327 66
-87 66 -87 -9
-298 -20 -298 138
-298 -20 -218 -20
-218 138 -298 138
-218 138 -218 -20
381 126 381 391
381 126 742 126
742 391 381 391
742 391 742 126
-404 122 -404 298
-404 122 -335 122
-335 298 -404 298
-335 298 -335 122
82 334 82 555
82 334 486 334
486 555 82 555
486 555 486 334
-56 313 -56 762
-56 313 333 313
333 762 -56 762
333 762 333 313
351 43 351 454
351 43 694 43
694 454 351 454
694 454 694 43
-93 -473 -93 -411
-93 -473 354 -473
354 -411 -93 -411
354 -411 354 -473
-353 -229 -353 -191
-353 -229 92 -229
92 -191 -353 -191
92 -191 92 -229
-32 208 -32 608
-32 208 2 208
2 608 -32 608
2 608 2 208
-426 -162 -426 240
-426 -162 -146 -162
-146 240 -426 240
-146 240 -146 -162
352 248 352 265
352 248 461 248
461 265 352 265
461 265 461 248
67 233 67 423
67 233 424 233
424 423 67 423
424 423 424 233
-270 -170 -270 213
-270 -170 230 -170
230 213 -270 213
230 213 230 -170
126 165 126 249
126 165 227 165
227 249 126 249
227 249 227 165
334 103 334 249
334 103 737 103
737 249 334 249
737 249 737 103
-202 11 -202 104
-202 11 150 11
150 104 -202 104
150 104 150 11
-324 216 -324 460
-324 216 109 216
109 460 -324 460
109 460 109 216
-128 -381 -128 -121
-128 -381 -80 -381
-80 -121 -128 -121
-80 -121 -80 -381
134 -15 134 435
134 -15 596 -15
596 435 134 435
596 435 596 -15
40 -7 40 220
40 -7 403 -7
403 220 40 220
403 220 403 -7
175 -59 175 96
175 -59 229 -59
229 96 175 96
229 96 229 -59
175 202 175 371
175 202 441 202
441 371 175 371
441 371 441 202
-2 93 -2 541
-2 93 153 93
153 541 -2 541
153 541 153 93
-35 65 -35 95
-35 65 124 65
124 95 -35 95
124 95 124 65
177 291 177 697
177 291 180 291
180 697 177 697
180 697 180 291
-167 106 -167 328
-167 106 116 106
116 328 -167 328
116 328 116 106
-297 421 -297 919
-297 421 -120 421
-120 919 -297 919
-120 919 -120 421
-148 -218 -148 265
-148 -218 349 -218
349 265 -148 265
349 265 349 -218
-217 -335 -217 -19
-217 -335 -152 -335
-152 -19 -217 -19
-152 -19 -152 -335
-242 28 -242 152
-242 28 -129 28
-129 152 -242 152
-129 152 -129 28
-253 -183 -253 12
-253 -183 -126 -183
-126 12 -253 12
-126 12 -126 -183
-83 224 -83 256
-83 224 152 224
152 256 -83 256
152 256 152 224
-410 -154 -410 199
-410 -154 -211 -154
-211 199 -410 199
-211 199 -211 -154
160 148 160 237
160 148 182 148
182 237 160 237
182 237 182 148
-166 109 -166 386
-166 109 98 109
98 386 -166 386
98 386 98 109
-384 367 -384 481
-384 367 103 367
103 481 -384 481
103 481 103 367
-253 238 -253 518
-253 238 -96 238
-96 518 -253 518
-96 518 -96 238
163 66 163 411
163 66 220 66
220 411 163 411
220 411 220 66
320 -386 320 62
320 -386 803 -386
803 62 320 62
803 62 803 -386
30 -56 30 345
30 -56 366 -56
366 345 30 345
366 345 366 -56
-75 -30 -75 279
-75 -30 398 -30
398 279 -75 279
398 279 398 -30
340 47 340 403
340 47 427 47
427 403 340 403
427 403 427 47
374 84 374 540
374 84 543 84
543 540 374 540
543 540 543 84
6 240 6 272
6 240 391 240
391 272 6 272
391 272 391 240
70 -232 70 -126
70 -232 494 -232
494 -126 70 -126
494 -126 494 -232
-397 -38 -397 5
-397 -38 -374 -38
-374 5 -397 5
-374 5 -374 -38
-459 -282 -459 -15
-459 -282 -111 -282
-111 -15 -459 -15
-111 -15 -111 -282
360 98 360 270
360 98 717 98
717 270 360 270
717 270 717 98
-62 -100 -62 -62
-62 -100 98 -100
98 -62 -62 -62
98 -62 98 -100
-68 -315 -68 12
-68 -315 330 -315
330 12 -68 12
330 12 330 -315
-82 426 -82 862
-82 426 105 426
105 862 -82 862
105 862 105 426
11 307 11 492
11 307 130 307
130 492 11 492
130 492 130 307
-131 -189 -131 15
-131 -189 227 -189
227 15 -131 15
227 15 227 -189
-276 -114 -276 137
-276 -114 -5 -114
-5 137 -276 137
-5 137 -5 -114
-422 18 -422 134
-422 18 17 18
17 134 -422 134
17 134 17 18
236 188 236 636
236 188 485 188
485 636 236 636
485 636 485 188
2 -439 2 -158
2 -439 67 -439
67 -158 2 -158
67 -158 67 -439
364 -225 364 195
364 -225 613 -225
613 195 364 195
613 195 613 -225
-239 -123 -239 -101
-239 -123 117 -123
117 -101 -239 -101
117 -101 117 -123
-85 273 -85 470
-85 273 328 273
328 470 -85 470
328 470 328 273
29 -424 29 -69
29 -424 398 -424
398 -69 29 -69
398 -69 398 -424
-147 -97 -147 297
-147 -97 -18 -97
-18 297 -147 297
-18 297 -18 -97
-106 248 -106 601
-106 248 343 248
343 601 -106 601
343 601 343 248
203 -75 203 171
203 -75 686 -75
686 171 203 171
686 171 686 -75
-347 112 -347 284
-347 112 -240 112
-240 284 -347 284
-240 284 -240 112
-325 -302 -325 -230
-325 -302 -3 -302
-3 -230 -325 -230
-3 -230 -3 -302
99 -244 99 89
99 -244 151 -244
151 89 99 89
151 89 151 -244
-18 308 -18 736
-18 308 53 308
53 736 -18 736
53 736 53 308
54 51 54 111
54 51 244 51
244 111 54 111
244 111 244 51
-170 53 -170 180
-170 53 146 53
146 180 -170 180
146 180 146 53
-165 -195 -165 211
-165 -195 300 -195
300 211 -165 211
300 211 300 -195
159 48 159 90
159 48 631 48
631 90 159 90
631 90 631 48
342 54 342 111
342 54 474 54
474 111 342 111
474 111 474 54
14 -174 14 102
14 -174 297 -174
297 102 14 102
297 102 297 -174
-380 372 -380 744
-380 372 71 372
71 744 -380 744
71 744 71 372
55 -282 55 -55
55 -282 275 -282
275 -55 55 -55
275 -55 275 -282
-82 151 -82 156
-82 151 241 151
241 156 -82 156
241 156 241 151
-71 383 -71 540
-71 383 -66 383
-66 540 -71 540
-66 540 -66 383
-17 73 -17 231
-17 73 136 73
136 231 -17 231
136 231 136 73
331 308 331 761
331 308 677 308
677 761 331 761
677 761 677 308
-263 46 -263 61
-263 46 -2 46
-2 61 -263 61
-2 61 -2 46
-131 203 -131 230
-131 203 -76 203
-76 230 -131 230
-76 230 -76 203
383 -109 383 120
383 -109 595 -109
595 120 383 120
595 120 595 -109
9 203 9 572
9 203 286 203
286 572 9 572
286 572 286 203
145 332 145 814
145 332 600 332
600 814 145 814
600 814 600 332
-28 1 -28 276
-28 1 170 1
170 276 -28 276
170 276 170 1
-129 -311 -129 -227
-129 -311 204 -311
204 -227 -129 -227
204 -227 204 -311
-234 -176 -234 9
-234 -176 165 -176
165 9 -234 9
165 9 165 -176
284 20 284 306
284 20 657 20
657 306 284 306
657 306 657 20
225 -187 225 180
225 -187 649 -187
649 180 225 180
649 180 649 -187
47 -49 47 311
47 -49 196 -49
196 311 47 311
196 311 196 -49
-289 -243 -289 -104
-289 -243 101 -243
101 -104 -289 -104
101 -104 101 -243
-264 160 -264 309
-264 160 -66 160
-66 309 -264 309
-66 309 -66 160
-406 -208 -406 -92
-406 -208 -43 -208
-43 -92 -406 -92
-43 -92 -43 -208
311 -124 311 184
311 -124 533 -124
533 184 311 184
533 184 533 -124
-100 50 -100 270
-100 50 -22 50
-22 270 -100 270
-22 270 -22 50
172 17 172 210
172 17 647 17
647 210 172 210
647 210 647 17
137 385 137 825
137 385 391 385
391 825 137 825
391 825 391 385
-381 48 -381 339
-381 48 -374 48
-374 339 -381 339
-374 339 -374 48
-275 -316 -275 176
-275 -316 -223 -316
-223 176 -275 176
-223 176 -223 -316
-288 441 -288 715
-288 441 -193 441
-193 715 -288 715
-193 715 -193 441
176 170 176 484
176 170 540 170
540 484 176 484
540 484 540 170
423 -300 423 -242
423 -300 618 -300
618 -242 423 -242
618 -242 618 -300
122 143 122 445
122 143 285 143
285 445 122 445
285 445 285 143
279 -149 279 -2
279 -149 730 -149
730 -2 279 -2
730 -2 730 -149
-77 -140 244 -140
-283 37 -283 495
-312 152 -312 172
74 26 140 26
10 124 483 124
309 113 530 113
27 112 27 291
26 -11 26 -2
-70 -352 -70 71
-56 180 -56 241
188 293 536 293
76 -262 430 -262
-251 -13 -251 388
-140 -67 -140 430
-47 -256 -47 -207
259 296 259 786
435 317 723 317
116 42 116 76
351 -339 351 -176
267 -266 267 -85
8 -117 8 -74
-295 -36 -295 267
-102 -181 -102 208
-122 -130 129 -130
86 -306 86 -52
216 -491 578 -491
74 188 74 333
-254 -431 -176 -431
-37 75 20 75
138 160 138 178
-27 -47 -27 -21
95 -302 95 -15
-291 -397 -291 -68
-278 -78 -278 223
19 261 19 523
254 406 254 711
-270 -249 -157 -249
110 -216 110 -35
213 -275 213 -40
232 236 503 236
-45 103 -45 371
-298 362 113 362
-265 123 -228 123
124 404 124 719
-9 -287 335 -287
131 158 508 158
452 48 452 187
123 50 131 50
-32 -37 18 -37
-46 110 -46 209
-244 -195 -244 -67
447 413 447 611
-88 355 -88 838
-108 -194 -108 129
0 -451 154 -451
-9 13 77 13
368 163 368 451
-284 -79 -276 -79
-376 -286 -376 -150
-399 -115 -22 -115
-118 226 279 226
192 251 478 251
-295 -6 -129 -6
355 72 676 72
206 475 453 475
-104 -201 -97 -201
-115 179 -115 639
160 -79 395 -79
264 327 264 650
222 -237 222 8
55 -313 178 -313
-171 -243 -171 220
229 415 229 558
-356 4 130 4
-328 269 -328 738
-22 473 311 473
-209 32 142 32
338 132 338 211
18 -11 135 -11
-14 -207 -14 -65
