1000
-162 2 -162 498
-162 2 137 2
137 498 -162 498
137 498 137 2
240 -168 240 248
240 -168 629 -168
629 248 240 248
629 248 629 -168
-22 -47 -22 92
-22 -47 220 -47
220 92 -22 92
220 92 220 -47
-325 191 -325 379
-325 191 -68 191
-68 379 -325 379
-68 379 -68 191
-211 -95 -211 97
-211 -95 -175 -95
-175 97 -211 97
-175 97 -175 -95
-155 -33 -155 238
-155 -33 -118 -33
-118 238 -155 238
-118 238 -118 -33
-273 129 -273 132
-273 129 -220 129
-220 132 -273 132
-220 132 -220 129
206 -225 206 -155
206 -225 483 -225
483 -155 206 -155
483 -155 483 -225
173 -346 173 136
173 -346 179 -346
179 136 173 136
179 136 179 -346
170 -72 170 103
170 -72 482 -72
482 103 170 103
482 103 482 -72
-42 -23 -42 239
-42 -23 453 -23
453 239 -42 239
453 239 453 -23
-227 75 -227 313
-227 75 40 75
40 313 -227 313
40 313 40 75
237 -67 237 198
237 -67 600 -67
600 198 237 198
600 198 600 -67
-314 194 -314 394
-314 194 95 194
95 394 -314 394
95 394 95 194
170 271 170 366
170 271 402 271
402 366 170 366
402 366 402 271
360 373 360 404
360 373 818 373
818 404 360 404
818 404 818 373
39 82 39 367
39 82 363 82
363 367 39 367
363 367 363 82
-222 102 -222 556
-222 102 -221 102
-221 556 -222 556
-221 556 -221 102
121 32 121 190
121 32 616 32
616 190 121 190
616 190 616 32
402 -328 402 -143
402 -328 703 -328
703 -143 402 -143
703 -143 703 -328
227 257 227 750
227 257 248 257
248 750 227 750
248 750 248 257
-304 -312 -304 -22
-304 -312 196 -312
196 -22 -304 -22
196 -22 196 -312
6 378 6 622
6 378 298 378
298 622 6 622
298 622 298 378
-305 -12 -305 14
-305 -12 -72 -12
-72 14 -305 14
-72 14 -72 -12
-137 147 -137 158
-137 147 181 147
181 158 -137 158
181 158 181 147
-56 -215 -56 278
-56 -215 18 -215
18 278 -56 278
18 278 18 -215
-335 143 -335 636
-335 143 126 143
126 636 -335 636
126 636 126 143
192 -26 192 -16
192 -26 507 -26
507 -16 192 -16
507 -16 507 -26
-9 -15 -9 450
-9 -15 63 -15
63 450 -9 450
63 450 63 -15
-95 -144 -95 149
-95 -144 396 -144
396 149 -95 149
396 149 396 -144
-91 -114 -91 222
-91 -114 79 -114
79 222 -91 222
79 222 79 -114
-393 23 -393 473
-393 23 -226 23
-226 473 -393 473
-226 473 -226 23
5 231 5 250
5 231 241 231
241 250 5 250
241 250 241 231
305 8 305 459
305 8 530 8
530 459 305 459
530 459 530 8
-13 206 -13 252
-13 206 229 206
229 252 -13 252
229 252 229 206
324 -281 324 173
324 -281 594 -281
594 173 324 173
594 173 594 -281
-60 109 -60 229
-60 109 222 109
222 229 -60 229
222 229 222 109
-36 148 -36 171
-36 148 389 148
389 171 -36 171
389 171 389 148
-49 145 -49 565
-49 145 117 145
117 565 -49 565
117 565 117 145
-134 352 -134 407
-134 352 220 352
220 407 -134 407
220 407 220 352
-147 124 -147 522
-147 124 231 124
231 522 -147 522
231 522 231 124
-212 -213 -212 6
-212 -213 255 -213
255 6 -212 6
255 6 255 -213
73 314 73 577
73 314 421 314
421 577 73 577
421 577 421 314
-205 11 -205 54
-205 11 -166 11
-166 54 -205 54
-166 54 -166 11
-310 280 -310 776
-310 280 150 280
150 776 -310 776
150 776 150 280
216 -407 216 80
216 -407 615 -407
615 80 216 80
615 80 615 -407
249 151 249 208
249 151 254 151
254 208 249 208
254 208 254 151
194 -270 194 -264
194 -270 566 -270
566 -264 194 -264
566 -264 566 -270
-253 -444 -253 -175
-253 -444 -126 -444
-126 -175 -253 -175
-126 -175 -126 -444
-119 -95 -119 35
-119 -95 126 -95
126 35 -119 35
126 35 126 -95
10 265 10 634
10 265 56 265
56 634 10 634
56 634 56 265
-115 -99 -115 -8
-115 -99 165 -99
165 -8 -115 -8
165 -8 165 -99
179 242 179 654
179 242 218 242
218 654 179 654
218 654 218 242
70 209 70 504
70 209 528 209
528 504 70 504
528 504 528 209
-285 285 -285 557
-285 285 -208 285
-208 557 -285 557
-208 557 -208 285
-61 87 -61 545
-61 87 436 87
436 545 -61 545
436 545 436 87
158 198 158 687
158 198 210 198
210 687 158 687
210 687 210 198
350 98 350 330
350 98 560 98
560 330 350 330
560 330 560 98
0 -256 0 -46
0 -256 317 -256
317 -46 0 -46
317 -46 317 -256
322 -59 322 175
322 -59 621 -59
621 175 322 175
621 175 621 -59
-50 -173 -50 -132
-50 -173 66 -173
66 -132 -50 -132
66 -132 66 -173
17 370 17 530
17 370 219 370
219 530 17 530
219 530 219 370
136 244 136 425
136 244 181 244
181 425 136 425
181 425 181 244
-197 -201 -197 42
-197 -201 127 -201
127 42 -197 42
127 42 127 -201
-106 466 -106 875
-106 466 263 466
263 875 -106 875
263 875 263 466
-94 69 -94 216
-94 69 366 69
366 216 -94 216
366 216 366 69
223 117 223 421
223 117 440 117
440 421 223 421
440 421 440 117
-48 -91 -48 296
-48 -91 343 -91
343 296 -48 296
343 296 343 -91
-284 15 -284 128
-284 15 -69 15
-69 128 -284 128
-69 128 -69 15
-235 65 -235 126
-235 65 212 65
212 126 -235 126
212 126 212 65
311 -179 311 219
311 -179 596 -179
596 219 311 219
596 219 596 -179
138 -127 138 128
138 -127 390 -127
390 128 138 128
390 128 390 -127
36 -83 36 286
36 -83 133 -83
133 286 36 286
133 286 133 -83
335 -366 335 -275
335 -366 776 -366
776 -275 335 -275
776 -275 776 -366
-395 -128 -395 93
-395 -128 -251 -128
-251 93 -395 93
-251 93 -251 -128
355 -416 355 -326
355 -416 488 -416
488 -326 355 -326
488 -326 488 -416
92 131 92 192
92 131 394 131
394 192 92 192
394 192 394 131
-117 34 -117 434
-117 34 147 34
147 434 -117 434
147 434 147 34
28 199 28 630
28 199 518 199
518 630 28 630
518 630 518 199
-65 18 -65 210
-65 18 101 18
101 210 -65 210
101 210 101 18
247 -409 247 -140
247 -409 459 -409
459 -140 247 -140
459 -140 459 -409
-123 -337 -123 49
-123 -337 145 -337
145 49 -123 49
145 49 145 -337
-28 48 -28 264
-28 48 392 48
392 264 -28 264
392 264 392 48
10 -211 10 152
10 -211 13 -211
13 152 10 152
13 152 13 -211
-381 44 -381 188
-381 44 -31 44
-31 188 -381 188
-31 188 -31 44
-3 -295 -3 185
-3 -295 275 -295
275 185 -3 185
275 185 275 -295
114 -76 114 168
114 -76 159 -76
159 168 114 168
159 168 159 -76
-324 -162 -324 76
-324 -162 -10 -162
-10 76 -324 76
-10 76 -10 -162
140 139 140 609
140 139 438 139
438 609 140 609
438 609 438 139
14 -378 14 -123
14 -378 332 -378
332 -123 14 -123
332 -123 332 -378
-200 -134 -200 305
-200 -134 169 -134
169 305 -200 305
169 305 169 -134
-7 -335 -7 -299
-7 -335 148 -335
148 -299 -7 -299
148 -299 148 -335
467 169 467 596
467 169 498 169
498 596 467 596
498 596 498 169
-74 163 -74 234
-74 163 368 163
368 234 -74 234
368 234 368 163
-215 326 -215 477
-215 326 -149 326
-149 477 -215 477
-149 477 -149 326
168 -44 168 358
168 -44 357 -44
357 358 168 358
357 358 357 -44
-63 323 -63 749
-63 323 134 323
134 749 -63 749
134 749 134 323
21 -103 21 277
21 -103 514 -103
514 277 21 277
514 277 514 -103
-237 73 -237 463
-237 73 214 73
214 463 -237 463
214 463 214 73
3 -60 3 121
3 -60 398 -60
398 121 3 121
398 121 398 -60
-123 295 -123 628
-123 295 203 295
203 628 -123 628
203 628 203 295
-124 -230 -124 -105
-124 -230 139 -230
139 -105 -124 -105
139 -105 139 -230
170 -390 170 -345
170 -390 248 -390
248 -345 170 -345
248 -345 248 -390
-312 146 -312 256
-312 146 -257 146
-257 256 -312 256
-257 256 -257 146
-66 384 -66 847
-66 384 310 384
310 847 -66 847
310 847 310 384
-33 -183 -33 -102
-33 -183 197 -183
197 -102 -33 -102
197 -102 197 -183
-289 441 -289 464
-289 441 -259 441
-259 464 -289 464
-259 464 -259 441
-189 -320 -189 -87
-189 -320 159 -320
159 -87 -189 -87
159 -87 159 -320
-8 417 -8 507
-8 417 357 417
357 507 -8 507
357 507 357 417
-111 -254 -111 104
-111 -254 22 -254
22 104 -111 104
22 104 22 -254
250 -189 250 16
250 -189 660 -189
660 16 250 16
660 16 660 -189
252 34 252 339
252 34 507 34
507 339 252 339
507 339 507 34
321 150 321 593
321 150 707 150
707 593 321 593
707 593 707 150
-113 310 -113 342
-113 310 145 310
145 342 -113 342
145 342 145 310
119 -71 119 170
119 -71 483 -71
483 170 119 170
483 170 483 -71
-102 68 -102 322
-102 68 295 68
295 322 -102 322
295 322 295 68
-163 -14 -163 39
-163 -14 -92 -14
-92 39 -163 39
-92 39 -92 -14
-159 -34 -159 100
-159 -34 304 -34
304 100 -159 100
304 100 304 -34
149 -377 149 55
149 -377 645 -377
645 55 149 55
645 55 645 -377
-41 -7 -41 180
-41 -7 48 -7
48 180 -41 180
48 180 48 -7
43 -205 43 -98
43 -205 381 -205
381 -98 43 -98
381 -98 381 -205
37 88 37 561
37 88 349 88
349 561 37 561
349 561 349 88
-148 -84 -148 245
-148 -84 -138 -84
-138 245 -148 245
-138 245 -138 -84
-55 -194 -55 99
-55 -194 441 -194
441 99 -55 99
441 99 441 -194
258 -235 258 -97
258 -235 282 -235
282 -97 258 -97
282 -97 282 -235
-194 441 -194 723
-194 441 164 441
164 723 -194 723
164 723 164 441
-225 -244 -225 -165
-225 -244 23 -244
23 -165 -225 -165
23 -165 23 -244
-435 13 -435 454
-435 13 -359 13
-359 454 -435 454
-359 454 -359 13
-244 466 -244 770
-244 466 -225 466
-225 770 -244 770
-225 770 -225 466
-169 221 -169 721
-169 221 48 221
48 721 -169 721
48 721 48 221
-398 85 -398 396
-398 85 -19 85
-19 396 -398 396
-19 396 -19 85
196 212 196 214
196 212 449 212
449 214 196 214
449 214 449 212
403 -296 403 -274
403 -296 524 -296
524 -274 403 -274
524 -274 524 -296
292 35 292 473
292 35 527 35
527 473 292 473
527 473 527 35
-11 348 -11 442
-11 348 434 348
434 442 -11 442
434 442 434 348
-326 -182 -326 134
-326 -182 -133 -182
-133 134 -326 134
-133 134 -133 -182
-230 160 -230 288
-230 160 -132 160
-132 288 -230 288
-132 288 -132 160
236 268 236 714
236 268 456 268
456 714 236 714
456 714 456 268
-232 -429 -232 -36
-232 -429 105 -429
105 -36 -232 -36
105 -36 105 -429
-396 -15 -396 148
-396 -15 -206 -15
-206 148 -396 148
-206 148 -206 -15
-406 -227 -406 -86
-406 -227 -129 -227
-129 -86 -406 -86
-129 -86 -129 -227
-114 140 -114 490
-114 140 75 140
75 490 -114 490
75 490 75 140
91 52 91 501
91 52 545 52
545 501 91 501
545 501 545 52
373 -85 373 231
373 -85 391 -85
391 231 373 231
391 231 391 -85
303 -248 303 -218
303 -248 477 -248
477 -218 303 -218
477 -218 477 -248
2 -133 2 275
2 -133 470 -133
470 275 2 275
470 275 470 -133
102 110 102 318
102 110 326 110
326 318 102 318
326 318 326 110
-144 294 -144 717
-144 294 334 294
334 717 -144 717
334 717 334 294
347 -81 347 197
347 -81 590 -81
590 197 347 197
590 197 590 -81
71 256 71 377
71 256 172 256
172 377 71 377
172 377 172 256
59 -141 59 337
59 -141 280 -141
280 337 59 337
280 337 280 -141
-346 273 -346 688
-346 273 69 273
69 688 -346 688
69 688 69 273
307 -152 307 245
307 -152 691 -152
691 245 307 245
691 245 691 -152
-360 -89 -360 244
-360 -89 -182 -89
-182 244 -360 244
-182 244 -182 -89
-75 301 -75 518
-75 301 -37 301
-37 518 -75 518
-37 518 -37 301
-415 150 -415 272
-415 150 -14 150
-14 272 -415 272
-14 272 -14 150
1 -278 1 85
1 -278 405 -278
405 85 1 85
405 85 405 -278
22 274 22 317
22 274 499 274
499 317 22 317
499 317 499 274
274 -12 274 306
274 -12 766 -12
766 306 274 306
766 306 766 -12
191 61 191 340
191 61 558 61
558 340 191 340
558 340 558 61
430 -90 430 328
430 -90 800 -90
800 328 430 328
800 328 800 -90
238 -136 238 112
238 -136 587 -136
587 112 238 112
587 112 587 -136
51 -410 51 -4
51 -410 493 -410
493 -4 51 -4
493 -4 493 -410
-299 36 -299 423
-299 36 -259 36
-259 423 -299 423
-259 423 -259 36
-245 108 -245 558
-245 108 161 108
161 558 -245 558
161 558 161 108
-136 141 -136 142
-136 141 244 141
244 142 -136 142
244 142 244 141
-70 225 -70 424
-70 225 410 225
410 424 -70 424
410 424 410 225
174 -232 174 51
174 -232 418 -232
418 51 174 51
418 51 418 -232
-41 -276 -41 -262
-41 -276 64 -276
64 -262 -41 -262
64 -262 64 -276
-90 102 -90 319
-90 102 183 102
183 319 -90 319
183 319 183 102
289 186 289 201
289 186 701 186
701 201 289 201
701 201 701 186
-262 120 -262 215
-262 120 -5 120
-5 215 -262 215
-5 215 -5 120
-386 -73 -386 183
-386 -73 -203 -73
-203 183 -386 183
-203 183 -203 -73
42 -187 42 -151
42 -187 129 -187
129 -151 42 -151
129 -151 129 -187
-38 464 -38 672
-38 464 270 464
270 672 -38 672
270 672 270 464
-189 -75 -189 304
-189 -75 123 -75
123 304 -189 304
123 304 123 -75
-137 338 -137 389
-137 338 291 338
291 389 -137 389
291 389 291 338
208 -56 208 189
208 -56 643 -56
643 189 208 189
643 189 643 -56
256 -13 256 415
256 -13 525 -13
525 415 256 415
525 415 525 -13
443 205 443 571
443 205 741 205
741 571 443 571
741 571 741 205
-289 -222 -289 -158
-289 -222 -174 -222
-174 -158 -289 -158
-174 -158 -174 -222
258 240 258 640
258 240 537 240
537 640 258 640
537 640 537 240
-85 107 -85 430
-85 107 -58 107
-58 430 -85 430
-58 430 -58 107
273 307 273 425
273 307 644 307
644 425 273 425
644 425 644 307
200 -86 200 265
200 -86 622 -86
622 265 200 265
622 265 622 -86
-366 -154 -366 0
-366 -154 -291 -154
-291 0 -366 0
-291 0 -291 -154
-152 -18 -152 255
-152 -18 -16 -18
-16 255 -152 255
-16 255 -16 -18
-43 -35 -43 336
-43 -35 -12 -35
-12 336 -43 336
-12 336 -12 -35
353 -298 353 -277
353 -298 676 -298
676 -277 353 -277
676 -277 676 -298
78 392 78 695
78 392 207 392
207 695 78 695
207 695 207 392
82 -26 82 262
82 -26 97 -26
97 262 82 262
97 262 97 -26
213 -385 213 -365
213 -385 346 -385
346 -365 213 -365
346 -365 346 -385
-241 411 -241 911
-241 411 -198 411
-198 911 -241 911
-198 911 -198 411
-54 177 -54 199
-54 177 1 177
1 199 -54 199
1 199 1 177
-213 -11 -213 427
-213 -11 -174 -11
-174 427 -213 427
-174 427 -174 -11
-15 -108 -15 24
-15 -108 379 -108
379 24 -15 24
379 24 379 -108
412 260 412 695
412 260 585 260
585 695 412 695
585 695 585 260
47 -391 47 -61
47 -391 461 -391
461 -61 47 -61
461 -61 461 -391
313 232 313 246
313 232 752 232
752 246 313 246
752 246 752 232
-239 -363 -239 25
-239 -363 19 -363
19 25 -239 25
19 25 19 -363
-454 127 -454 328
-454 127 -272 127
-272 328 -454 328
-272 328 -272 127
-77 97 -77 388
-77 97 279 97
279 388 -77 388
279 388 279 97
77 -164 77 165
77 -164 328 -164
328 165 77 165
328 165 328 -164
222 283 222 289
222 283 565 283
565 289 222 289
565 289 565 283
-338 47 -338 502
-338 47 -195 47
-195 502 -338 502
-195 502 -195 47
330 -363 330 89
330 -363 370 -363
370 89 330 89
370 89 370 -363
-241 -169 -241 106
-241 -169 32 -169
32 106 -241 106
32 106 32 -169
44 400 44 564
44 400 497 400
497 564 44 564
497 564 497 400
-62 281 -62 584
-62 281 323 281
323 584 -62 584
323 584 323 281
85 -112 85 -14
85 -112 140 -112
140 -14 85 -14
140 -14 140 -112
302 142 302 293
302 142 712 142
712 293 302 293
712 293 712 142
-85 -322 -85 -240
-85 -322 -64 -322
-64 -240 -85 -240
-64 -240 -64 -322
77 381 77 532
77 381 154 381
154 532 77 532
154 532 154 381
-66 41 -66 209
-66 41 41 41
41 209 -66 209
41 209 41 41
359 -466 359 -33
359 -466 397 -466
397 -33 359 -33
397 -33 397 -466
231 -221 231 -47
231 -221 412 -221
412 -47 231 -47
412 -47 412 -221
99 204 99 227
99 204 114 204
114 227 99 227
114 227 114 204
228 -262 228 -237
228 -262 484 -262
484 -237 228 -237
484 -237 484 -262
353 -188 353 297
353 -188 821 -188
821 297 353 297
821 297 821 -188
65 -260 65 -146
65 -260 533 -260
533 -146 65 -146
533 -146 533 -260
72 105 72 527
72 105 262 105
262 527 72 527
262 527 262 105
27 76 27 432
27 76 380 76
380 432 27 432
380 432 380 76
-53 331 -53 816
-53 331 193 331
193 816 -53 816
193 816 193 331
-181 163 -181 264
-181 163 -142 163
-142 264 -181 264
-142 264 -142 163
-36 249 -36 459
-36 249 257 249
257 459 -36 459
257 459 257 249
-382 -60 -382 -6
-382 -60 -372 -60
-372 -6 -382 -6
-372 -6 -372 -60
489 53 489 536
489 53 902 53
902 536 489 536
902 536 902 53
-225 -424 -225 -260
-225 -424 52 -424
52 -260 -225 -260
52 -260 52 -424
106 193 106 406
106 193 552 193
552 406 106 406
552 406 552 193
301 -333 301 -302
301 -333 379 -333
379 -302 301 -302
379 -302 379 -333
-405 43 -405 198
-405 43 -188 43
-188 198 -405 198
-188 198 -188 43
-148 -350 -148 -330
-148 -350 -132 -350
-132 -330 -148 -330
-132 -330 -132 -350
-402 -232 -402 138
-402 -232 -278 -232
-278 138 -402 138
-278 138 -278 -232
153 267 153 310
153 267 598 267
598 310 153 310
598 310 598 267
122 -124 122 53
122 -124 269 -124
269 53 122 53
269 53 269 -124
-5 -393 -5 -171
-5 -393 437 -393
437 -171 -5 -171
437 -171 437 -393
120 -207 120 -33
120 -207 236 -207
236 -33 120 -33
236 -33 236 -207
-166 196 -166 369
-166 196 213 196
213 369 -166 369
213 369 213 196
-104 -143 -104 274
-104 -143 -103 -143
-103 274 -104 274
-103 274 -103 -143
-51 -236 -51 -224
-51 -236 270 -236
270 -224 -51 -224
270 -224 270 -236
255 -289 548 -289
-363 286 -363 505
118 -69 118 225
-101 26 -101 368
60 110 67 110
-124 98 306 98
187 203 554 203
-151 9 -151 315
21 -39 388 -39
271 -374 271 -36
309 -367 436 -367
-118 -146 56 -146
-156 152 -156 533
-1 25 -1 299
-169 -265 -80 -265
309 -22 393 -22
110 300 110 631
-266 -41 128 -41
341 -19 341 307
14 131 14 528
-136 -214 -136 -117
38 -175 471 -175
-122 106 -122 549
-246 -418 137 -418
-425 2 -425 380
-16 213 427 213
325 -108 325 172
-377 21 -377 336
-88 206 -88 274
143 102 143 582
131 -147 131 8
-108 9 -108 100
-123 -129 324 -129
-314 435 -280 435
-193 -357 -193 -323
426 -252 426 -4
-166 -358 -166 -136
178 430 178 443
-344 -196 -100 -196
-22 -268 -22 -167
