1000
-9 344 -9 669
-9 344 4 344
4 669 -9 669
4 669 4 344
-155 -13 -155 286
-155 -13 215 -13
215 286 -155 286
215 286 215 -13
244 105 244 576
244 105 366 105
366 576 244 576
366 576 366 105
388 100 388 473
388 100 571 100
571 473 388 473
571 473 571 100
-18 360 -18 378
-18 360 286 360
286 378 -18 378
286 378 286 360
45 231 45 238
45 231 359 231
359 238 45 238
359 238 359 231
-162 -161 -162 244
-162 -161 -82 -161
-82 244 -162 244
-82 244 -82 -161
136 -44 136 288
136 -44 446 -44
446 288 136 288
446 288 446 -44
-452 -311 -452 -227
-452 -311 -102 -311
-102 -227 -452 -227
-102 -227 -102 -311
59 83 59 317
59 83 467 83
467 317 59 317
467 317 467 83
-129 -52 -129 226
-129 -52 226 -52
226 226 -129 226
226 226 226 -52
208 -169 208 249
208 -169 623 -169
623 249 208 249
623 249 623 -169
-39 19 -39 382
-39 19 -34 19
-34 382 -39 382
-34 382 -34 19
375 -37 375 175
375 -37 554 -37
554 175 375 175
554 175 554 -37
-173 -119 -173 -60
-173 -119 37 -119
37 -60 -173 -60
37 -60 37 -119
-200 41 -200 75
-200 41 255 41
255 75 -200 75
255 75 255 41
63 326 63 645
63 326 272 326
272 645 63 645
272 645 272 326
85 -164 85 -55
85 -164 358 -164
358 -55 85 -55
358 -55 358 -164
-251 -17 -251 167
-251 -17 -231 -17
-231 167 -251 167
-231 167 -231 -17
304 117 304 243
304 117 339 117
339 243 304 243
339 243 339 117
301 84 301 416
301 84 784 84
784 416 301 416
784 416 784 84
-163 421 -163 589
-163 421 -97 421
-97 589 -163 589
-97 589 -97 421
382 -297 382 16
382 -297 606 -297
606 16 382 16
606 16 606 -297
140 302 140 791
140 302 534 302
534 791 140 791
534 791 534 302
377 -171 377 46
377 -171 434 -171
434 46 377 46
434 46 434 -171
126 -288 126 2
126 -288 414 -288
414 2 126 2
414 2 414 -288
-42 -200 -42 205
-42 -200 30 -200
30 205 -42 205
30 205 30 -200
-261 -40 -261 87
-261 -40 -146 -40
-146 87 -261 87
-146 87 -146 -40
2 -151 2 88
2 -151 313 -151
313 88 2 88
313 88 313 -151
-224 -256 -224 28
-224 -256 -148 -256
-148 28 -224 28
-148 28 -148 -256
20 31 20 135
20 31 418 31
418 135 20 135
418 135 418 31
229 188 229 574
229 188 472 188
472 574 229 574
472 574 472 188
-272 -143 -272 220
-272 -143 -236 -143
-236 220 -272 220
-236 220 -236 -143
-136 -286 -136 16
-136 -286 308 -286
308 16 -136 16
308 16 308 -286
48 -241 48 245
48 -241 529 -241
529 245 48 245
529 245 529 -241
9 -166 9 -150
9 -166 94 -166
94 -150 9 -150
94 -150 94 -166
-161 -85 -161 225
-161 -85 -75 -85
-75 225 -161 225
-75 225 -75 -85
-37 26 -37 189
-37 26 163 26
163 189 -37 189
163 189 163 26
-54 -233 -54 -53
-54 -233 405 -233
405 -53 -54 -53
405 -53 405 -233
25 87 25 394
25 87 173 87
173 394 25 394
173 394 173 87
-10 46 -10 186
-10 46 135 46
135 186 -10 186
135 186 135 46
-89 -118 -89 0
-89 -118 43 -118
43 0 -89 0
43 0 43 -118
-284 -132 -284 45
-284 -132 29 -132
29 45 -284 45
29 45 29 -132
-62 -368 -62 -164
-62 -368 19 -368
19 -164 -62 -164
19 -164 19 -368
240 119 240 578
240 119 434 119
434 578 240 578
434 578 434 119
98 -25 98 311
98 -25 320 -25
320 311 98 311
320 311 320 -25
349 48 349 195
349 48 697 48
697 195 349 195
697 195 697 48
-110 40 -110 390
-110 40 279 40
279 390 -110 390
279 390 279 40
-348 68 -348 70
-348 68 122 68
122 70 -348 70
122 70 122 68
-83 -174 -83 82
-83 -174 168 -174
168 82 -83 82
168 82 168 -174
-28 32 -28 234
-28 32 64 32
64 234 -28 234
64 234 64 32
35 -202 35 233
35 -202 76 -202
76 233 35 233
76 233 76 -202
-92 51 -92 317
-92 51 31 51
31 317 -92 317
31 317 31 51
201 10 201 445
201 10 558 10
558 445 201 445
558 445 558 10
328 -58 328 391
328 -58 396 -58
396 391 328 391
396 391 396 -58
-439 69 -439 210
-439 69 -345 69
-345 210 -439 210
-345 210 -345 69
-3 483 -3 643
-3 483 243 483
243 643 -3 643
243 643 243 483
140 -263 140 15
140 -263 447 -263
447 15 140 15
447 15 447 -263
-307 422 -307 770
-307 422 -45 422
-45 770 -307 770
-45 770 -45 422
-1 -17 -1 432
-1 -17 305 -17
305 432 -1 432
305 432 305 -17
266 128 266 608
266 128 751 128
751 608 266 608
751 608 751 128
175 -7 175 149
175 -7 238 -7
238 149 175 149
238 149 238 -7
-379 171 -379 337
-379 171 77 171
77 337 -379 337
77 337 77 171
-198 -175 -198 163
-198 -175 57 -175
57 163 -198 163
57 163 57 -175
80 268 80 392
80 268 354 268
354 392 80 392
354 392 354 268
116 -338 116 131
116 -338 480 -338
480 131 116 131
480 131 480 -338
29 93 29 451
29 93 478 93
478 451 29 451
478 451 478 93
-67 -348 -67 80
-67 -348 7 -348
7 80 -67 80
7 80 7 -348
188 -129 188 97
188 -129 581 -129
581 97 188 97
581 97 581 -129
-17 -108 -17 108
-17 -108 321 -108
321 108 -17 108
321 108 321 -108
-145 124 -145 466
-145 124 283 124
283 466 -145 466
283 466 283 124
-106 -376 -106 -142
-106 -376 293 -376
293 -142 -106 -142
293 -142 293 -376
-99 -158 -99 200
-99 -158 -52 -158
-52 200 -99 200
-52 200 -52 -158
-304 -25 -304 461
-304 -25 52 -25
52 461 -304 461
52 461 52 -25
24 -262 24 -57
24 -262 459 -262
459 -57 24 -57
459 -57 459 -262
-176 -337 -176 -107
-176 -337 112 -337
112 -107 -176 -107
112 -107 112 -337
106 -97 106 213
106 -97 311 -97
311 213 106 213
311 213 311 -97
-366 -103 -366 207
-366 -103 11 -103
11 207 -366 207
11 207 11 -103
-204 12 -204 69
-204 12 108 12
108 69 -204 69
108 69 108 12
50 90 50 225
50 90 516 90
516 225 50 225
516 225 516 90
-308 428 -308 584
-308 428 13 428
13 584 -308 584
13 584 13 428
-186 -330 -186 -302
-186 -330 -128 -330
-128 -302 -186 -302
-128 -302 -128 -330
132 240 132 457
132 240 488 240
488 457 132 457
488 457 488 240
-138 -297 -138 -109
-138 -297 289 -297
289 -109 -138 -109
289 -109 289 -297
21 151 21 276
21 151 170 151
170 276 21 276
170 276 170 151
66 196 66 635
66 196 230 196
230 635 66 635
230 635 230 196
-16 -336 -16 136
-16 -336 359 -336
359 136 -16 136
359 136 359 -336
-108 354 -108 538
-108 354 -54 354
-54 538 -108 538
-54 538 -54 354
-111 330 -111 484
-111 330 233 330
233 484 -111 484
233 484 233 330
405 251 405 407
405 251 453 251
453 407 405 407
453 407 453 251
-276 -10 -276 1
-276 -10 84 -10
84 1 -276 1
84 1 84 -10
30 328 30 817
30 328 145 328
145 817 30 817
145 817 145 328
119 -378 119 21
119 -378 348 -378
348 21 119 21
348 21 348 -378
312 184 312 215
312 184 683 184
683 215 312 215
683 215 683 184
222 -412 222 -70
222 -412 231 -412
231 -70 222 -70
231 -70 231 -412
-55 204 -55 348
-55 204 412 204
412 348 -55 348
412 348 412 204
5 23 5 372
5 23 327 23
327 372 5 372
327 372 327 23
-41 55 -41 76
-41 55 248 55
248 76 -41 76
248 76 248 55
23 195 23 609
23 195 56 195
56 609 23 609
56 609 56 195
-463 151 -463 485
-463 151 -217 151
-217 485 -463 485
-217 485 -217 151
-362 -114 -362 -9
-362 -114 -134 -114
-134 -9 -362 -9
-134 -9 -134 -114
-362 351 -362 780
-362 351 27 351
27 780 -362 780
27 780 27 351
-202 -293 -202 83
-202 -293 -135 -293
-135 83 -202 83
-135 83 -135 -293
125 -120 125 57
125 -120 294 -120
294 57 125 57
294 57 294 -120
-90 343 -90 504
-90 343 -4 343
-4 504 -90 504
-4 504 -4 343
210 -234 210 46
210 -234 286 -234
286 46 210 46
286 46 286 -234
-232 307 -232 628
-232 307 -156 307
-156 628 -232 628
-156 628 -156 307
314 -232 314 14
314 -232 722 -232
722 14 314 14
722 14 722 -232
-207 -91 -207 203
-207 -91 72 -91
72 203 -207 203
72 203 72 -91
-159 167 -159 224
-159 167 126 167
126 224 -159 224
126 224 126 167
448 117 448 237
448 117 860 117
860 237 448 237
860 237 860 117
-3 -170 -3 -19
-3 -170 207 -170
207 -19 -3 -19
207 -19 207 -170
-242 -63 -242 334
-242 -63 -164 -63
-164 334 -242 334
-164 334 -164 -63
77 340 77 412
77 340 307 340
307 412 77 412
307 412 307 340
-343 126 -343 446
-343 126 -271 126
-271 446 -343 446
-271 446 -271 126
285 -299 285 -112
285 -299 717 -299
717 -112 285 -112
717 -112 717 -299
-286 127 -286 518
-286 127 -117 127
-117 518 -286 518
-117 518 -117 127
-130 242 -130 721
-130 242 26 242
26 721 -130 721
26 721 26 242
-61 -51 -61 275
-61 -51 298 -51
298 275 -61 275
298 275 298 -51
-149 178 -149 230
-149 178 32 178
32 230 -149 230
32 230 32 178
103 -300 103 178
103 -300 513 -300
513 178 103 178
513 178 513 -300
114 103 114 207
114 103 350 103
350 207 114 207
350 207 350 103
-49 66 -49 145
-49 66 40 66
40 145 -49 145
40 145 40 66
142 -206 142 263
142 -206 419 -206
419 263 142 263
419 263 419 -206
88 264 88 535
88 264 465 264
465 535 88 535
465 535 465 264
-371 -233 -371 -134
-371 -233 -262 -233
-262 -134 -371 -134
-262 -134 -262 -233
-351 -48 -351 358
-351 -48 0 -48
0 358 -351 358
0 358 0 -48
274 41 274 181
274 41 358 41
358 181 274 181
358 181 358 41
200 -139 200 -26
200 -139 585 -139
585 -26 200 -26
585 -26 585 -139
-254 228 -254 582
-254 228 110 228
110 582 -254 582
110 582 110 228
283 -273 283 -86
283 -273 610 -273
610 -86 283 -86
610 -86 610 -273
-141 281 -141 733
-141 281 68 281
68 733 -141 733
68 733 68 281
273 -194 273 59
273 -194 674 -194
674 59 273 59
674 59 674 -194
-322 -266 -322 -220
-322 -266 -147 -266
-147 -220 -322 -220
-147 -220 -147 -266
-84 264 -84 630
-84 264 -36 264
-36 630 -84 630
-36 630 -36 264
347 -122 347 335
347 -122 432 -122
432 335 347 335
432 335 432 -122
-148 320 -148 464
-148 320 28 320
28 464 -148 464
28 464 28 320
79 -61 79 298
79 -61 519 -61
519 298 79 298
519 298 519 -61
247 -27 247 333
247 -27 526 -27
526 333 247 333
526 333 526 -27
71 -281 71 -3
71 -281 400 -281
400 -3 71 -3
400 -3 400 -281
12 25 12 158
12 25 17 25
17 158 12 158
17 158 17 25
-131 -130 -131 248
-131 -130 180 -130
180 248 -131 248
180 248 180 -130
-195 78 -195 528
-195 78 290 78
290 528 -195 528
290 528 290 78
160 129 160 325
160 129 491 129
491 325 160 325
491 325 491 129
157 -314 157 -88
157 -314 645 -314
645 -88 157 -88
645 -88 645 -314
-128 350 -128 411
-128 350 -45 350
-45 411 -128 411
-45 411 -45 350
-192 72 -192 150
-192 72 -6 72
-6 150 -192 150
-6 150 -6 72
316 19 316 455
316 19 481 19
481 455 316 455
481 455 481 19
124 -322 124 -266
124 -322 142 -322
142 -266 124 -266
142 -266 142 -322
289 99 289 513
289 99 776 99
776 513 289 513
776 513 776 99
-58 323 -58 692
-58 323 -33 323
-33 692 -58 692
-33 692 -33 323
-394 289 -394 645
-394 289 -238 289
-238 645 -394 645
-238 645 -238 289
135 211 135 334
135 211 411 211
411 334 135 334
411 334 411 211
275 -237 275 77
275 -237 574 -237
574 77 275 77
574 77 574 -237
-19 250 -19 305
-19 250 30 250
30 305 -19 305
30 305 30 250
209 -192 209 -178
209 -192 444 -192
444 -178 209 -178
444 -178 444 -192
-32 -39 -32 -38
-32 -39 111 -39
111 -38 -32 -38
111 -38 111 -39
-127 -24 -127 192
-127 -24 270 -24
270 192 -127 192
270 192 270 -24
-201 310 -201 608
-201 310 -158 310
-158 608 -201 608
-158 608 -158 310
-16 209 -16 214
-16 209 445 209
445 214 -16 214
445 214 445 209
-34 425 -34 658
-34 425 311 425
311 658 -34 658
311 658 311 425
-378 104 -378 331
-378 104 -211 104
-211 331 -378 331
-211 331 -211 104
269 80 269 276
269 80 649 80
649 276 269 276
649 276 649 80
-91 -134 -91 165
-91 -134 404 -134
404 165 -91 165
404 165 404 -134
69 -21 69 300
69 -21 91 -21
91 300 69 300
91 300 91 -21
-68 19 -68 486
-68 19 -57 19
-57 486 -68 486
-57 486 -57 19
332 440 332 867
332 440 449 440
449 867 332 867
449 867 449 440
-285 83 -285 281
-285 83 -227 83
-227 281 -285 281
-227 281 -227 83
64 -131 64 -48
64 -131 130 -131
130 -48 64 -48
130 -48 130 -131
-253 80 -253 89
-253 80 -237 80
-237 89 -253 89
-237 89 -237 80
-31 36 -31 71
-31 36 289 36
289 71 -31 71
289 71 289 36
171 164 171 267
171 164 368 164
368 267 171 267
368 267 368 164
-70 -191 -70 -143
-70 -191 55 -191
55 -143 -70 -143
55 -143 55 -191
102 355 102 525
102 355 506 355
506 525 102 525
506 525 506 355
-354 -18 -354 110
-354 -18 -72 -18
-72 110 -354 110
-72 110 -72 -18
-5 -357 -5 -153
-5 -357 25 -357
25 -153 -5 -153
25 -153 25 -357
79 469 79 696
79 469 205 469
205 696 79 696
205 696 205 469
42 385 42 596
42 385 209 385
209 596 42 596
209 596 209 385
-40 54 -40 389
-40 54 90 54
90 389 -40 389
90 389 90 54
179 241 179 637
179 241 308 241
308 637 179 637
308 637 308 241
314 -390 314 -329
314 -390 746 -390
746 -329 314 -329
746 -329 746 -390
6 327 6 714
6 327 343 327
343 714 6 714
343 714 343 327
26 172 26 185
26 172 71 172
71 185 26 185
71 185 71 172
397 315 397 600
397 315 452 315
452 600 397 600
452 600 452 315
61 77 61 137
61 77 187 77
187 137 61 137
187 137 187 77
-167 276 -167 550
-167 276 -73 276
-73 550 -167 550
-73 550 -73 276
196 194 196 424
196 194 424 194
424 424 196 424
424 424 424 194
60 -50 60 162
60 -50 534 -50
534 162 60 162
534 162 534 -50
-232 -213 -232 -180
-232 -213 -55 -213
-55 -180 -232 -180
-55 -180 -55 -213
363 -190 363 -174
363 -190 786 -190
786 -174 363 -174
786 -174 786 -190
-347 20 -347 202
-347 20 68 20
68 202 -347 202
68 202 68 20
-32 3 -32 471
-32 3 165 3
165 471 -32 471
165 471 165 3
-212 -210 -212 53
-212 -210 78 -210
78 53 -212 53
78 53 78 -210
376 472 376 876
376 472 584 472
584 876 376 876
584 876 584 472
297 -75 297 70
297 -75 611 -75
611 70 297 70
611 70 611 -75
-354 -314 -354 -298
-354 -314 -157 -314
-157 -298 -354 -298
-157 -298 -157 -314
-18 -410 -18 -333
-18 -410 37 -410
37 -333 -18 -333
37 -333 37 -410
324 174 324 224
324 174 567 174
567 224 324 224
567 224 567 174
-451 -127 -451 113
-451 -127 -250 -127
-250 113 -451 113
-250 113 -250 -127
-25 50 -25 495
-25 50 144 50
144 495 -25 495
144 495 144 50
-335 190 -335 468
-335 190 -324 190
-324 468 -335 468
-324 468 -324 190
138 -16 138 414
138 -16 437 -16
437 414 138 414
437 414 437 -16
-143 -239 -143 159
-143 -239 224 -239
224 159 -143 159
224 159 224 -239
331 17 331 459
331 17 732 17
732 459 331 459
732 459 732 17
-234 153 -234 515
-234 153 141 153
141 515 -234 515
141 515 141 153
-187 -94 -187 121
-187 -94 -63 -94
-63 121 -187 121
-63 121 -63 -94
-387 -297 -387 107
-387 -297 -301 -297
-301 107 -387 107
-301 107 -301 -297
237 -60 237 28
237 -60 621 -60
621 28 237 28
621 28 621 -60
-80 22 -80 312
-80 22 -7 22
-7 312 -80 312
-7 312 -7 22
259 5 259 62
259 5 692 5
692 62 259 62
692 62 692 5
-262 -6 -262 370
-262 -6 -115 -6
-115 370 -262 370
-115 370 -115 -6
42 -41 42 216
42 -41 492 -41
492 216 42 216
492 216 492 -41
169 -242 169 -224
169 -242 575 -242
575 -224 169 -224
575 -224 575 -242
148 -15 148 246
148 -15 172 -15
172 246 148 246
172 246 172 -15
-105 423 -105 895
-105 423 94 423
94 895 -105 895
94 895 94 423
438 229 438 578
438 229 617 229
617 578 438 578
617 578 617 229
-381 416 -381 691
-381 416 -127 416
-127 691 -381 691
-127 691 -127 416
-207 215 -207 381
-207 215 -151 215
-151 381 -207 381
-151 381 -151 215
-193 101 -193 206
-193 101 -36 101
-36 206 -193 206
-36 206 -36 101
96 -225 96 -35
96 -225 577 -225
577 -35 96 -35
577 -35 577 -225
248 -360 248 -68
248 -360 288 -360
288 -68 248 -68
288 -68 288 -360
226 -100 226 -80
226 -100 655 -100
655 -80 226 -80
655 -80 655 -100
117 43 117 281
117 43 495 43
495 281 117 281
495 281 495 43
-6 356 -6 827
-6 356 70 356
70 827 -6 827
70 827 70 356
105 63 105 72
105 63 179 63
179 72 105 72
179 72 179 63
-43 190 -43 307
-43 190 361 190
361 307 -43 307
361 307 361 190
-69 -5 -69 89
-69 -5 120 -5
120 89 -69 89
120 89 120 -5
-133 161 -133 654
-133 161 365 161
365 654 -133 654
365 654 365 161
65 106 65 379
65 106 203 106
203 379 65 379
203 379 203 106
149 145 149 171
149 145 545 145
545 171 149 171
545 171 545 145
101 -161 101 183
101 -161 346 -161
346 183 101 183
346 183 346 -161
-226 11 -226 484
-226 11 -150 11
-150 484 -226 484
-150 484 -150 11
-175 58 -175 252
-175 58 -88 58
-88 252 -175 252
-88 252 -88 58
121 -33 121 -22
121 -33 504 -33
504 -22 121 -22
504 -22 504 -33
-76 387 -76 812
-76 387 285 387
285 812 -76 812
285 812 285 387
2 222 2 299
2 222 159 222
159 299 2 299
159 299 159 222
-12 -31 -12 258
-12 -31 155 -31
155 258 -12 258
155 258 155 -31
335 -23 335 463
335 -23 816 -23
816 463 335 463
816 463 816 -23
-46 47 -46 353
-46 47 417 47
417 353 -46 353
417 353 417 47
-14 366 -14 460
-14 366 275 366
275 460 -14 460
275 460 275 366
265 -198 265 -130
265 -198 628 -198
628 -130 265 -130
628 -130 628 -198
-114 94 -114 251
-114 94 343 94
343 251 -114 251
343 251 343 94
-245 299 -245 393
-245 299 -83 299
-83 393 -245 393
-83 393 -83 299
-133 -219 -133 -173
-133 -219 -11 -219
-11 -173 -133 -173
-11 -173 -11 -219
-293 24 -293 497
-293 24 46 24
46 497 -293 497
46 497 46 24
111 -30 111 88
226 -330 406 -330
-36 -65 455 -65
79 48 267 48
-123 107 -123 590
162 -111 482 -111
-116 45 -116 198
-259 209 -259 273
-203 -21 -203 283
111 191 111 654
109 -138 109 -86
-129 -234 92 -234
312 -94 630 -94
-107 -427 -14 -427
193 67 612 67
60 -279 382 -279
175 198 175 233
124 310 124 796
-110 -38 -85 -38
-71 359 343 359
