410
-14 11 -14 82
-14 11 14 11
14 82 -14 82
14 82 14 11
45 53 45 129
45 53 70 53
70 129 45 129
70 129 70 53
18 -30 18 34
18 -30 76 -30
76 34 18 34
76 34 76 -30
-67 27 -67 72
-67 27 -22 27
-22 72 -67 72
-22 72 -22 27
-13 58 -13 135
-13 58 17 58
17 135 -13 135
17 135 17 58
40 -28 40 -3
40 -28 129 -28
129 -3 40 -3
129 -3 129 -28
27 -8 27 51
27 -8 97 -8
97 51 27 51
97 51 97 -8
25 -19 25 29
25 -19 86 -19
86 29 25 29
86 29 86 -19
-46 -41 -46 -12
-46 -41 21 -41
21 -12 -46 -12
21 -12 21 -41
-9 -13 -9 75
-9 -13 34 -13
34 75 -9 75
34 75 34 -13
3 20 3 56
3 20 60 20
60 56 3 56
60 56 60 20
33 21 33 36
33 21 123 21
123 36 33 36
123 36 123 21
56 25 56 110
56 25 156 25
156 110 56 110
156 110 156 25
-76 83 -76 134
-76 83 -59 83
-59 134 -76 134
-59 134 -59 83
45 -65 45 22
45 -65 130 -65
130 22 45 22
130 22 130 -65
39 43 39 47
39 43 80 43
80 47 39 47
80 47 80 43
-92 32 -92 75
-92 32 -46 32
-46 75 -92 75
-46 75 -46 32
67 50 67 52
67 50 165 50
165 52 67 52
165 52 165 50
62 -75 62 20
62 -75 98 -75
98 20 62 20
98 20 98 -75
-2 -16 -2 33
-2 -16 51 -16
51 33 -2 33
51 33 51 -16
-28 2 -28 20
-28 2 -26 2
-26 20 -28 20
-26 20 -26 2
32 11 32 90
32 11 36 11
36 90 32 90
36 90 36 11
-34 57 -34 127
-34 57 24 57
24 127 -34 127
24 127 24 57
-33 -17 -33 80
-33 -17 41 -17
41 80 -33 80
41 80 41 -17
-24 18 -24 41
-24 18 -3 18
-3 41 -24 41
-3 41 -3 18
-48 -46 -48 -37
-48 -46 -22 -46
-22 -37 -48 -37
-22 -37 -22 -46
-83 -68 -83 -20
-83 -68 -15 -68
-15 -20 -83 -20
-15 -20 -15 -68
53 -24 53 67
53 -24 120 -24
120 67 53 67
120 67 120 -24
13 -20 13 69
13 -20 89 -20
89 69 13 69
89 69 89 -20
-58 -26 -58 7
-58 -26 1 -26
1 7 -58 7
1 7 1 -26
-15 -9 -15 59
-15 -9 4 -9
4 59 -15 59
4 59 4 -9
-74 4 -74 76
-74 4 -71 4
-71 76 -74 76
-71 76 -71 4
36 -37 36 -33
36 -37 131 -37
131 -33 36 -33
131 -33 131 -37
2 65 2 87
2 65 93 65
93 87 2 87
93 87 93 65
4 -54 4 -53
4 -54 97 -54
97 -53 4 -53
97 -53 97 -54
23 31 23 102
23 31 87 31
87 102 23 102
87 102 87 31
38 -55 38 -35
38 -55 123 -55
123 -35 38 -35
123 -35 123 -55
-64 0 -64 76
-64 0 -16 0
-16 76 -64 76
-16 76 -16 0
49 37 49 79
49 37 86 37
86 79 49 79
86 79 86 37
-29 53 -29 94
-29 53 -10 53
-10 94 -29 94
-10 94 -10 53
30 63 30 142
30 63 127 63
127 142 30 142
127 142 127 63
-19 -90 -19 -88
-19 -90 54 -90
54 -88 -19 -88
54 -88 54 -90
-52 47 -52 136
-52 47 -37 47
-37 136 -52 136
-37 136 -37 47
-18 -59 -18 23
-18 -59 50 -59
50 23 -18 23
50 23 50 -59
-32 70 -32 137
-32 70 -26 70
-26 137 -32 137
-26 137 -26 70
-62 24 -62 102
-62 24 -42 24
-42 102 -62 102
-42 102 -42 24
16 78 16 126
16 78 81 78
81 126 16 126
81 126 81 78
16 49 16 73
16 49 112 49
112 73 16 73
112 73 112 49
67 -9 67 0
67 -9 149 -9
149 0 67 0
149 0 149 -9
6 -1 6 94
6 -1 46 -1
46 94 6 94
46 94 46 -1
-87 -2 -87 71
-87 -2 -61 -2
-61 71 -87 71
-61 71 -61 -2
10 -27 10 -15
10 -27 106 -27
106 -15 10 -15
106 -15 106 -27
40 24 40 48
40 24 64 24
64 48 40 48
64 48 64 24
-48 -87 -48 -62
-48 -87 14 -87
14 -62 -48 -62
14 -62 14 -87
60 95 60 127
60 95 101 95
101 127 60 127
101 127 101 95
-7 13 -7 96
-7 13 22 13
22 96 -7 96
22 96 22 13
30 -86 30 -74
30 -86 104 -86
104 -74 30 -74
104 -74 104 -86
5 6 5 86
5 6 29 6
29 86 5 86
29 86 29 6
48 -50 48 6
48 -50 99 -50
99 6 48 6
99 6 99 -50
74 9 74 61
74 9 161 9
161 61 74 61
161 61 161 9
68 -17 68 81
68 -17 124 -17
124 81 68 81
124 81 124 -17
0 -52 0 -49
0 -52 41 -52
41 -49 0 -49
41 -49 41 -52
-86 -7 -86 82
-86 -7 -41 -7
-41 82 -86 82
-41 82 -41 -7
35 -2 35 35
35 -2 128 -2
128 35 35 35
128 35 128 -2
-56 62 -56 159
-56 62 -28 62
-28 159 -56 159
-28 159 -28 62
-37 -60 -37 -6
-37 -60 5 -60
5 -6 -37 -6
5 -6 5 -60
-27 44 -27 107
-27 44 61 44
61 107 -27 107
61 107 61 44
-63 -40 -63 12
-63 -40 -57 -40
-57 12 -63 12
-57 12 -57 -40
-2 99 -2 159
-2 99 35 99
35 159 -2 159
35 159 35 99
-35 -66 -35 -22
-35 -66 17 -66
17 -22 -35 -22
17 -22 17 -66
20 15 20 114
20 15 37 15
37 114 20 114
37 114 37 15
55 -51 55 -11
55 -51 127 -51
127 -11 55 -11
127 -11 127 -51
-2 40 -2 72
-2 40 52 40
52 72 -2 72
52 72 52 40
-43 52 -43 119
-43 52 28 52
28 119 -43 119
28 119 28 52
-45 -19 -45 -18
-45 -19 -22 -19
-22 -18 -45 -18
-22 -18 -22 -19
8 12 8 64
8 12 15 12
15 64 8 64
15 64 15 12
-36 -11 -36 79
-36 -11 10 -11
10 79 -36 79
10 79 10 -11
80 -48 80 19
80 -48 168 -48
168 19 80 19
168 19 168 -48
44 -60 44 38
44 -60 133 -60
133 38 44 38
133 38 133 -60
4 59 4 149
4 59 42 59
42 149 4 149
42 149 42 59
-29 -56 -29 19
-29 -56 -12 -56
-12 19 -29 19
-12 19 -12 -56
-77 13 -77 42
-77 13 -52 13
-52 42 -77 42
-52 42 -52 13
85 -39 85 33
85 -39 171 -39
171 33 85 33
171 33 171 -39
-4 -65 -4 2
-4 -65 7 -65
7 2 -4 2
7 2 7 -65
54 -52 54 7
54 -52 108 -52
108 7 54 7
108 7 108 -52
69 54 69 107
69 54 98 54
98 107 69 107
98 107 98 54
-85 50 -85 55
-85 50 -40 50
-40 55 -85 55
-40 55 -40 50
-5 15 -5 65
-5 15 1 15
1 65 -5 65
1 65 1 15
90 -29 90 44
90 -29 177 -29
177 44 90 44
177 44 177 -29
-64 -84 -64 -67
-64 -84 -30 -84
-30 -67 -64 -67
-30 -67 -30 -84
-76 -51 -76 -47
-76 -51 -30 -51
-30 -47 -76 -47
-30 -47 -30 -51
6 -67 6 -21
6 -67 33 -67
33 -21 6 -21
33 -21 33 -67
12 10 12 98
12 10 95 10
95 98 12 98
95 98 95 10
-48 -27 -48 -21
-48 -27 -21 -27
-21 -21 -48 -21
-21 -21 -21 -27
-6 -34 -6 -18
-6 -34 58 -34
58 -18 -6 -18
58 -18 58 -34
-45 60 -45 121
-45 60 44 60
44 121 -45 121
44 121 44 60
66 -67 66 -63
66 -67 123 -67
123 -63 66 -63
123 -63 123 -67
-59 -17 -59 -3
-59 -17 -47 -17
-47 -3 -59 -3
-47 -3 -47 -17
-27 -50 -27 14
-27 -50 -23 -50
-23 14 -27 14
-23 14 -23 -50
25 32 25 55
25 32 73 32
73 55 25 55
73 55 73 32
-7 61 30 61
31 5 56 5
31 -49 31 -23
59 -48 76 -48
-69 -23 -69 -3
51 62 93 62
-28 41 -26 41
-51 -31 -51 45
-65 28 -53 28
1 9 74 9
