420
32 14 32 89
32 14 36 14
36 89 32 89
36 89 36 14
-72 -17 -72 -15
-72 -17 -63 -17
-63 -15 -72 -15
-63 -15 -63 -17
3 -70 3 -53
3 -70 31 -70
31 -53 3 -53
31 -53 31 -70
67 -40 67 4
67 -40 155 -40
155 4 67 4
155 4 155 -40
-9 3 -9 73
-9 3 46 3
46 73 -9 73
46 73 46 3
10 -20 10 47
10 -20 21 -20
21 47 10 47
21 47 21 -20
-21 10 -21 92
-21 10 35 10
35 92 -21 92
35 92 35 10
3 5 3 70
3 5 100 5
100 70 3 70
100 70 100 5
-14 30 -14 46
-14 30 85 30
85 46 -14 46
85 46 85 30
23 43 23 87
23 43 55 43
55 87 23 87
55 87 55 43
-48 18 -48 98
-48 18 1 18
1 98 -48 98
1 98 1 18
7 41 7 56
7 41 19 41
19 56 7 56
19 56 19 41
-37 75 -37 88
-37 75 17 75
17 88 -37 88
17 88 17 75
-76 37 -76 64
-76 37 -11 37
-11 64 -76 64
-11 64 -11 37
-65 -27 -65 61
-65 -27 -58 -27
-58 61 -65 61
-58 61 -58 -27
-79 5 -79 20
-79 5 -59 5
-59 20 -79 20
-59 20 -59 5
-26 -17 -26 -12
-26 -17 -15 -17
-15 -12 -26 -12
-15 -12 -15 -17
-73 24 -73 121
-73 24 -43 24
-43 121 -73 121
-43 121 -43 24
-51 35 -51 42
-51 35 49 35
49 42 -51 42
49 42 49 35
-18 38 -18 54
-18 38 22 38
22 54 -18 54
22 54 22 38
-52 -25 -52 70
-52 -25 -22 -25
-22 70 -52 70
-22 70 -22 -25
69 62 69 156
69 62 140 62
140 156 69 156
140 156 140 62
11 -64 11 -30
11 -64 51 -64
51 -30 11 -30
51 -30 51 -64
24 26 24 58
24 26 73 26
73 58 24 58
73 58 73 26
84 40 84 47
84 40 112 40
112 47 84 47
112 47 112 40
-24 -42 -24 -15
-24 -42 30 -42
30 -15 -24 -15
30 -15 30 -42
83 2 83 22
83 2 182 2
182 22 83 22
182 22 182 2
90 -44 90 35
90 -44 172 -44
172 35 90 35
172 35 172 -44
86 -7 86 9
86 -7 134 -7
134 9 86 9
134 9 134 -7
36 -33 36 -15
36 -33 108 -33
108 -15 36 -15
108 -15 108 -33
64 -52 64 -6
64 -52 94 -52
94 -6 64 -6
94 -6 94 -52
-68 49 -68 80
-68 49 -1 49
-1 80 -68 80
-1 80 -1 49
60 -72 60 -59
60 -72 80 -72
80 -59 60 -59
80 -59 80 -72
-86 -10 -86 60
-86 -10 -63 -10
-63 60 -86 60
-63 60 -63 -10
10 65 10 105
10 65 33 65
33 105 10 105
33 105 33 65
0 -26 0 23
0 -26 99 -26
99 23 0 23
99 23 99 -26
-38 -58 -38 2
-38 -58 -18 -58
-18 2 -38 2
-18 2 -18 -58
-54 26 -54 104
-54 26 11 26
11 104 -54 104
11 104 11 26
50 -2 50 76
50 -2 66 -2
66 76 50 76
66 76 66 -2
-70 -30 -70 53
-70 -30 2 -30
2 53 -70 53
2 53 2 -30
-19 9 -19 17
-19 9 40 9
40 17 -19 17
40 17 40 9
-35 8 -35 45
-35 8 38 8
38 45 -35 45
38 45 38 8
-6 5 -6 60
-6 5 -4 5
-4 60 -6 60
-4 60 -4 5
47 41 47 65
47 41 145 41
145 65 47 65
145 65 145 41
-27 39 -27 82
-27 39 -13 39
-13 82 -27 82
-13 82 -13 39
19 67 19 150
19 67 111 67
111 150 19 150
111 150 111 67
-39 6 -39 12
-39 6 -28 6
-28 12 -39 12
-28 12 -28 6
20 82 20 162
20 82 113 82
113 162 20 162
113 162 113 82
5 2 5 72
5 2 17 2
17 72 5 72
17 72 17 2
-3 -50 -3 11
-3 -50 48 -50
48 11 -3 11
48 11 48 -50
-12 -43 -12 4
-12 -43 34 -43
34 4 -12 4
34 4 34 -43
-75 -50 -75 26
-75 -50 -55 -50
-55 26 -75 26
-55 26 -55 -50
71 -1 71 85
71 -1 148 -1
148 85 71 85
148 85 148 -1
-37 -24 -37 -11
-37 -24 33 -24
33 -11 -37 -11
33 -11 33 -24
-77 -45 -77 51
-77 -45 9 -45
9 51 -77 51
9 51 9 -45
14 32 14 91
14 32 76 32
76 91 14 91
76 91 76 32
28 -25 28 52
28 -25 45 -25
45 52 28 52
45 52 45 -25
-14 -63 -14 20
-14 -63 81 -63
81 20 -14 20
81 20 81 -63
-73 4 -73 9
-73 4 -56 4
-56 9 -73 9
-56 9 -56 4
-67 32 -67 72
-67 32 -56 32
-56 72 -67 72
-56 72 -56 32
69 14 69 37
69 14 136 14
136 37 69 37
136 37 136 14
-3 13 -3 84
-3 13 44 13
44 84 -3 84
44 84 44 13
61 -91 61 -19
61 -91 138 -91
138 -19 61 -19
138 -19 138 -91
-36 -49 -36 -2
-36 -49 -34 -49
-34 -2 -36 -2
-34 -2 -34 -49
84 -59 84 -8
84 -59 125 -59
125 -8 84 -8
125 -8 125 -59
80 -27 80 -18
80 -27 129 -27
129 -18 80 -18
129 -18 129 -27
30 15 30 38
30 15 65 15
65 38 30 38
65 38 65 15
-16 -61 -16 19
-16 -61 68 -61
68 19 -16 19
68 19 68 -61
70 60 70 149
70 60 166 60
166 149 70 149
166 149 166 60
55 -37 55 -31
55 -37 111 -37
111 -31 55 -31
111 -31 111 -37
-10 5 -10 87
-10 5 -7 5
-7 87 -10 87
-7 87 -7 5
-62 29 -62 99
-62 29 37 29
37 99 -62 99
37 99 37 29
-19 -64 -19 -53
-19 -64 -7 -64
-7 -53 -19 -53
-7 -53 -7 -64
67 45 67 105
67 45 97 45
97 105 67 105
97 105 97 45
27 -45 27 33
27 -45 122 -45
122 33 27 33
122 33 122 -45
-97 30 -97 129
-97 30 -85 30
-85 129 -97 129
-85 129 -85 30
62 -13 62 9
62 -13 80 -13
80 9 62 9
80 9 80 -13
77 -50 77 -32
77 -50 165 -50
165 -32 77 -32
165 -32 165 -50
-46 16 -46 109
-46 16 -20 16
-20 109 -46 109
-20 109 -20 16
-45 -51 -45 46
-45 -51 -17 -51
-17 46 -45 46
-17 46 -17 -51
44 95 44 147
44 95 84 95
84 147 44 147
84 147 84 95
6 -75 6 -1
6 -75 47 -75
47 -1 6 -1
47 -1 47 -75
-64 67 -64 117
-64 67 -59 67
-59 117 -64 117
-59 117 -59 67
-48 -48 -48 -27
-48 -48 14 -48
14 -27 -48 -27
14 -27 14 -48
-4 62 -4 137
-4 62 65 62
65 137 -4 137
65 137 65 62
32 -59 32 -58
32 -59 50 -59
50 -58 32 -58
50 -58 50 -59
82 19 82 57
82 19 154 19
154 57 82 57
154 57 154 19
57 -54 57 44
57 -54 146 -54
146 44 57 44
146 44 146 -54
51 64 51 160
51 64 143 64
143 160 51 160
143 160 143 64
-19 36 -19 115
-19 36 -16 36
-16 115 -19 115
-16 115 -16 36
-40 33 -40 131
-40 33 15 33
15 131 -40 131
15 131 15 33
1 -28 1 -22
1 -28 15 -28
15 -22 1 -22
15 -22 15 -28
6 59 6 133
6 59 31 59
31 133 6 133
31 133 31 59
-23 68 -23 134
-23 68 -11 68
-11 134 -23 134
-11 134 -11 68
89 -25 89 75
89 -25 163 -25
163 75 89 75
163 75 163 -25
59 -69 59 -57
59 -69 97 -69
97 -57 59 -57
97 -57 97 -69
-36 -76 -36 -52
-36 -76 46 -76
46 -52 -36 -52
46 -52 46 -76
70 -51 70 43
70 -51 164 -51
164 43 70 43
164 43 164 -51
-25 -96 -25 -62
-25 -96 24 -96
24 -62 -25 -62
24 -62 24 -96
-41 25 -41 40
-41 25 -38 25
-38 40 -41 40
-38 40 -38 25
95 21 114 21
-70 -20 -22 -20
-8 -82 -8 -69
41 22 41 25
59 -30 59 -21
5 -40 47 -40
39 -84 52 -84
69 37 69 56
40 23 40 68
2 0 33 0
-6 -64 -6 -10
58 23 58 43
51 -58 67 -58
26 -17 59 -17
-22 31 18 31
4 37 42 37
37 27 95 27
-88 -39 -88 -9
-8 18 -8 75
73 -90 113 -90
