450
-22 -8 -22 14
-22 -8 53 -8
53 14 -22 14
53 14 53 -8
-54 38 -54 97
-54 38 18 38
18 97 -54 97
18 97 18 38
61 5 61 96
61 5 142 5
142 96 61 96
142 96 142 5
16 -45 16 2
16 -45 57 -45
57 2 16 2
57 2 57 -45
-6 55 -6 85
-6 55 1 55
1 85 -6 85
1 85 1 55
-29 -48 -29 -37
-29 -48 -13 -48
-13 -37 -29 -37
-13 -37 -13 -48
2 46 2 69
2 46 17 46
17 69 2 69
17 69 17 46
-84 2 -84 88
-84 2 -12 2
-12 88 -84 88
-12 88 -12 2
34 -38 34 -26
34 -38 81 -38
81 -26 34 -26
81 -26 81 -38
58 51 58 66
58 51 114 51
114 66 58 66
114 66 114 51
19 40 19 85
19 40 65 40
65 85 19 85
65 85 65 40
-82 -49 -82 -47
-82 -49 6 -49
6 -47 -82 -47
6 -47 6 -49
46 65 46 149
46 65 108 65
108 149 46 149
108 149 108 65
84 -4 84 -2
84 -4 134 -4
134 -2 84 -2
134 -2 134 -4
-50 42 -50 141
-50 42 -5 42
-5 141 -50 141
-5 141 -5 42
24 28 24 91
24 28 78 28
78 91 24 91
78 91 78 28
31 50 31 107
31 50 62 50
62 107 31 107
62 107 62 50
-39 -92 -39 -89
-39 -92 61 -92
61 -89 -39 -89
61 -89 61 -92
-49 -64 -49 -17
-49 -64 -28 -64
-28 -17 -49 -17
-28 -17 -28 -64
67 0 67 39
67 0 118 0
118 39 67 39
118 39 118 0
34 7 34 13
34 7 79 7
79 13 34 13
79 13 79 7
46 -15 46 21
46 -15 129 -15
129 21 46 21
129 21 129 -15
22 -55 22 -43
22 -55 81 -55
81 -43 22 -43
81 -43 81 -55
9 11 9 61
9 11 105 11
105 61 9 61
105 61 105 11
-23 -10 -23 4
-23 -10 69 -10
69 4 -23 4
69 4 69 -10
-2 -50 -2 -28
-2 -50 32 -50
32 -28 -2 -28
32 -28 32 -50
45 68 45 135
45 68 53 68
53 135 45 135
53 135 53 68
-35 -20 -35 32
-35 -20 59 -20
59 32 -35 32
59 32 59 -20
-1 -3 -1 29
-1 -3 15 -3
15 29 -1 29
15 29 15 -3
-37 -44 -37 -18
-37 -44 39 -44
39 -18 -37 -18
39 -18 39 -44
-82 60 -82 76
-82 60 -35 60
-35 76 -82 76
-35 76 -35 60
-65 0 -65 58
-65 0 -21 0
-21 58 -65 58
-21 58 -21 0
-10 -84 -10 -72
-10 -84 21 -84
21 -72 -10 -72
21 -72 21 -84
-4 68 -4 168
-4 68 25 68
25 168 -4 168
25 168 25 68
-67 34 -67 99
-67 34 -36 34
-36 99 -67 99
-36 99 -36 34
31 0 31 37
31 0 41 0
41 37 31 37
41 37 41 0
-71 -37 -71 -10
-71 -37 -36 -37
-36 -10 -71 -10
-36 -10 -36 -37
-63 15 -63 41
-63 15 -33 15
-33 41 -63 41
-33 41 -33 15
-44 -25 -44 74
-44 -25 -31 -25
-31 74 -44 74
-31 74 -31 -25
-7 36 -7 124
-7 36 30 36
30 124 -7 124
30 124 30 36
-51 -54 -51 19
-51 -54 47 -54
47 19 -51 19
47 19 47 -54
7 15 7 112
7 15 104 15
104 112 7 112
104 112 104 15
20 38 20 94
20 38 117 38
117 94 20 94
117 94 117 38
18 -36 18 -31
18 -36 31 -36
31 -31 18 -31
31 -31 31 -36
62 10 62 41
62 10 89 10
89 41 62 41
89 41 89 10
-19 24 -19 75
-19 24 22 24
22 75 -19 75
22 75 22 24
-62 -3 -62 1
-62 -3 -27 -3
-27 1 -62 1
-27 1 -27 -3
-8 -46 -8 -37
-8 -46 37 -46
37 -37 -8 -37
37 -37 37 -46
41 -42 41 -22
41 -42 128 -42
128 -22 41 -22
128 -22 128 -42
12 80 12 92
12 80 16 80
16 92 12 92
16 92 16 80
53 -74 53 -61
53 -74 132 -74
132 -61 53 -61
132 -61 132 -74
84 16 84 52
84 16 158 16
158 52 84 52
158 52 158 16
-47 -5 -47 54
-47 -5 28 -5
28 54 -47 54
28 54 28 -5
-97 -75 -97 -17
-97 -75 -94 -75
-94 -17 -97 -17
-94 -17 -94 -75
40 -46 40 12
40 -46 71 -46
71 12 40 12
71 12 71 -46
-25 -6 -25 13
-25 -6 32 -6
32 13 -25 13
32 13 32 -6
-15 -32 -15 31
-15 -32 -6 -32
-6 31 -15 31
-6 31 -6 -32
5 -85 5 -7
5 -85 9 -85
9 -7 5 -7
9 -7 9 -85
39 58 39 98
39 58 73 58
73 98 39 98
73 98 73 58
-10 9 -10 18
-10 9 14 9
14 18 -10 18
14 18 14 9
-76 9 -76 19
-76 9 -70 9
-70 19 -76 19
-70 19 -70 9
75 -66 75 -32
75 -66 160 -66
160 -32 75 -32
160 -32 160 -66
23 21 23 77
23 21 32 21
32 77 23 77
32 77 32 21
-41 -58 -41 -57
-41 -58 47 -58
47 -57 -41 -57
47 -57 47 -58
-23 53 -23 151
-23 53 55 53
55 151 -23 151
55 151 55 53
55 -7 55 34
55 -7 116 -7
116 34 55 34
116 34 116 -7
60 17 60 54
60 17 156 17
156 54 60 54
156 54 156 17
-22 22 -22 120
-22 22 42 22
42 120 -22 120
42 120 42 22
94 24 94 42
94 24 109 24
109 42 94 42
109 42 109 24
-68 22 -68 81
-68 22 -42 22
-42 81 -68 81
-42 81 -42 22
-64 40 -64 69
-64 40 -39 40
-39 69 -64 69
-39 69 -39 40
38 64 38 79
38 64 66 64
66 79 38 79
66 79 66 64
-57 65 -57 106
-57 65 13 65
13 106 -57 106
13 106 13 65
44 -31 44 22
44 -31 132 -31
132 22 44 22
132 22 132 -31
72 59 72 92
72 59 79 59
79 92 72 92
79 92 79 59
64 43 64 140
64 43 81 43
81 140 64 140
81 140 81 43
35 77 35 157
35 77 67 77
67 157 35 157
67 157 67 77
22 -41 22 -17
22 -41 53 -41
53 -17 22 -17
53 -17 53 -41
-29 -33 -29 7
-29 -33 -11 -33
-11 7 -29 7
-11 7 -11 -33
-14 0 -14 40
-14 0 6 0
6 40 -14 40
6 40 6 0
-25 39 -25 87
-25 39 34 39
34 87 -25 87
34 87 34 39
-25 -41 -25 -27
-25 -41 -4 -41
-4 -27 -25 -27
-4 -27 -4 -41
8 26 8 100
8 26 36 26
36 100 8 100
36 100 36 26
25 -33 25 8
25 -33 48 -33
48 8 25 8
48 8 48 -33
43 -9 43 78
43 -9 141 -9
141 78 43 78
141 78 141 -9
27 -16 27 51
27 -16 37 -16
37 51 27 51
37 51 37 -16
-38 -61 -38 35
-38 -61 13 -61
13 35 -38 35
13 35 13 -61
33 17 33 30
33 17 54 17
54 30 33 30
54 30 54 17
95 62 95 117
95 62 125 62
125 117 95 117
125 117 125 62
-11 93 -11 158
-11 93 -8 93
-8 158 -11 158
-8 158 -8 93
66 -89 66 -57
66 -89 156 -89
156 -57 66 -57
156 -57 156 -89
-79 24 -79 90
-79 24 -24 24
-24 90 -79 90
-24 90 -24 24
83 -76 83 -41
83 -76 96 -76
96 -41 83 -41
96 -41 96 -76
11 -11 11 -1
11 -11 107 -11
107 -1 11 -1
107 -1 107 -11
-40 85 -40 131
-40 85 -21 85
-21 131 -40 131
-21 131 -21 85
2 84 2 179
2 84 26 84
26 179 2 179
26 179 26 84
-19 -59 -19 -40
-19 -59 50 -59
50 -40 -19 -40
50 -40 50 -59
54 -66 54 -49
54 -66 68 -66
68 -49 54 -49
68 -49 68 -66
-82 -13 -82 6
-82 -13 -19 -13
-19 6 -82 6
-19 6 -19 -13
29 -24 29 74
29 -24 112 -24
112 74 29 74
112 74 112 -24
21 21 21 25
-61 -74 -61 -58
68 -4 68 4
-89 -12 -11 -12
-77 53 -77 87
-47 27 -33 27
13 25 96 25
56 -18 56 2
-72 67 -68 67
-2 -71 16 -71
40 30 40 128
4 15 4 92
-12 73 76 73
-20 -34 -20 29
-20 67 -20 94
-59 -16 14 -16
-48 -37 -48 0
38 70 127 70
36 -45 36 1
64 2 116 2
-17 56 -17 136
-75 48 -75 92
6 -14 31 -14
58 -18 58 16
16 56 26 56
18 -2 18 6
-3 -59 -3 -37
-67 -10 -67 23
-32 -41 -32 -2
-40 -73 -40 -27
38 -72 41 -72
-61 -5 -61 83
9 16 13 16
48 -75 143 -75
26 25 26 45
48 -50 131 -50
-59 52 -59 115
-41 45 -41 72
14 33 16 33
-29 7 -29 90
37 36 114 36
-50 -81 -50 -17
90 -26 90 -24
14 -20 14 8
10 90 110 90
25 -70 124 -70
10 38 10 84
6 42 6 124
-8 -11 -8 7
-59 -2 -1 -2
