500
4 15 4 37
4 15 54 15
54 37 4 37
54 37 54 15
-39 9 -39 70
-39 9 -30 9
-30 70 -39 70
-30 70 -30 9
11 6 11 54
11 6 88 6
88 54 11 54
88 54 88 6
32 17 32 40
32 17 48 17
48 40 32 40
48 40 48 17
8 3 8 90
8 3 30 3
30 90 8 90
30 90 30 3
-42 28 -42 95
-42 28 40 28
40 95 -42 95
40 95 40 28
9 -3 9 -1
9 -3 59 -3
59 -1 9 -1
59 -1 59 -3
-19 52 -19 94
-19 52 68 52
68 94 -19 94
68 94 68 52
7 -10 7 7
7 -10 52 -10
52 7 7 7
52 7 52 -10
-35 -2 -35 4
-35 -2 -28 -2
-28 4 -35 4
-28 4 -28 -2
-2 76 -2 165
-2 76 58 76
58 165 -2 165
58 165 58 76
-77 76 -77 150
-77 76 -48 76
-48 150 -77 150
-48 150 -48 76
-12 -65 -12 -7
-12 -65 1 -65
1 -7 -12 -7
1 -7 1 -65
25 -50 25 27
25 -50 102 -50
102 27 25 27
102 27 102 -50
60 -64 60 13
60 -64 104 -64
104 13 60 13
104 13 104 -64
11 -66 11 -43
11 -66 27 -66
27 -43 11 -43
27 -43 27 -66
-90 -8 -90 15
-90 -8 -40 -8
-40 15 -90 15
-40 15 -40 -8
41 -56 41 -44
41 -56 52 -56
52 -44 41 -44
52 -44 52 -56
9 35 9 121
9 35 80 35
80 121 9 121
80 121 80 35
-44 29 -44 108
-44 29 -35 29
-35 108 -44 108
-35 108 -35 29
-21 69 -21 118
-21 69 65 69
65 118 -21 118
65 118 65 69
62 -65 62 -20
62 -65 66 -65
66 -20 62 -20
66 -20 66 -65
3 2 3 14
3 2 45 2
45 14 3 14
45 14 45 2
71 -36 71 51
71 -36 120 -36
120 51 71 51
120 51 120 -36
-2 -44 -2 -19
-2 -44 30 -44
30 -19 -2 -19
30 -19 30 -44
-67 -5 -67 71
-67 -5 -52 -5
-52 71 -67 71
-52 71 -52 -5
45 41 45 123
45 41 63 41
63 123 45 123
63 123 63 41
38 -6 38 48
38 -6 116 -6
116 48 38 48
116 48 116 -6
-7 -13 -7 62
-7 -13 -3 -13
-3 62 -7 62
-3 62 -3 -13
64 -26 64 29
64 -26 160 -26
160 29 64 29
160 29 160 -26
-44 -47 -44 22
-44 -47 -34 -47
-34 22 -44 22
-34 22 -34 -47
95 -7 95 82
95 -7 147 -7
147 82 95 82
147 82 147 -7
0 45 0 105
0 45 3 45
3 105 0 105
3 105 3 45
-91 -10 -91 28
-91 -10 -84 -10
-84 28 -91 28
-84 28 -84 -10
-14 -68 -14 -20
-14 -68 21 -68
21 -20 -14 -20
21 -20 21 -68
18 26 18 91
18 26 75 26
75 91 18 91
75 91 75 26
3 -54 3 -3
3 -54 9 -54
9 -3 3 -3
9 -3 9 -54
36 -16 36 43
36 -16 93 -16
93 43 36 43
93 43 93 -16
32 60 32 150
32 60 52 60
52 150 32 150
52 150 52 60
-23 21 -23 46
-23 21 -2 21
-2 46 -23 46
-2 46 -2 21
6 44 6 72
6 44 31 44
31 72 6 72
31 72 31 44
29 67 29 113
29 67 97 67
97 113 29 113
97 113 97 67
77 -45 77 -10
77 -45 109 -45
109 -10 77 -10
109 -10 109 -45
37 33 37 45
37 33 61 33
61 45 37 45
61 45 61 33
-15 -52 -15 7
-15 -52 -13 -52
-13 7 -15 7
-13 7 -13 -52
-53 40 -53 68
-53 40 -28 40
-28 68 -53 68
-28 68 -28 40
54 -94 54 -59
54 -94 144 -94
144 -59 54 -59
144 -59 144 -94
26 -4 26 68
26 -4 106 -4
106 68 26 68
106 68 106 -4
-49 -22 -49 -5
-49 -22 42 -22
42 -5 -49 -5
42 -5 42 -22
35 81 35 153
35 81 101 81
101 153 35 153
101 153 101 81
-83 -18 -83 0
-83 -18 -60 -18
-60 0 -83 0
-60 0 -60 -18
-11 -15 -11 78
-11 -15 -10 -15
-10 78 -11 78
-10 78 -10 -15
23 -42 23 -15
23 -42 73 -42
73 -15 23 -15
73 -15 73 -42
-76 -64 -76 -31
-76 -64 22 -64
22 -31 -76 -31
22 -31 22 -64
-8 4 -8 75
-8 4 87 4
87 75 -8 75
87 75 87 4
-63 -9 -63 31
-63 -9 -32 -9
-32 31 -63 31
-32 31 -32 -9
12 42 12 102
12 42 39 42
39 102 12 102
39 102 39 42
11 -21 11 -18
11 -21 82 -21
82 -18 11 -18
82 -18 82 -21
85 -77 85 12
85 -77 114 -77
114 12 85 12
114 12 114 -77
-22 -4 -22 86
-22 -4 5 -4
5 86 -22 86
5 86 5 -4
-81 20 -81 50
-81 20 16 20
16 50 -81 50
16 50 16 20
46 -39 46 18
46 -39 96 -39
96 18 46 18
96 18 96 -39
-54 56 -54 67
-54 56 15 56
15 67 -54 67
15 67 15 56
42 32 42 34
42 32 53 32
53 34 42 34
53 34 53 32
70 59 70 93
70 59 105 59
105 93 70 93
105 93 105 59
1 70 1 147
1 70 74 70
74 147 1 147
74 147 74 70
-90 31 -90 84
-90 31 -87 31
-87 84 -90 84
-87 84 -87 31
57 -49 57 1
57 -49 81 -49
81 1 57 1
81 1 81 -49
31 -51 31 -31
31 -51 87 -51
87 -31 31 -31
87 -31 87 -51
59 -78 59 -47
59 -78 92 -78
92 -47 59 -47
92 -47 92 -78
-26 -28 -26 -27
-26 -28 12 -28
12 -27 -26 -27
12 -27 12 -28
-61 12 -61 79
-61 12 -47 12
-47 79 -61 79
-47 79 -47 12
-31 3 -31 12
-31 3 -24 3
-24 12 -31 12
-24 12 -24 3
-18 16 -18 90
-18 16 -17 16
-17 90 -18 90
-17 90 -17 16
69 -53 69 46
69 -53 163 -53
163 46 69 46
163 46 163 -53
-51 37 -51 134
-51 37 2 37
2 134 -51 134
2 134 2 37
-92 -39 -92 47
-92 -39 -33 -39
-33 47 -92 47
-33 47 -33 -39
-82 11 -82 34
-82 11 -78 11
-78 34 -82 34
-78 34 -78 11
-43 78 -43 96
-43 78 -39 78
-39 96 -43 96
-39 96 -39 78
-62 -37 -62 -27
-62 -37 -59 -37
-59 -27 -62 -27
-59 -27 -59 -37
-47 84 -47 166
-47 84 34 84
34 166 -47 166
34 166 34 84
94 50 94 69
94 50 151 50
151 69 94 69
151 69 151 50
-31 -58 -31 -50
-31 -58 17 -58
17 -50 -31 -50
17 -50 17 -58
-23 -11 -23 10
-23 -11 67 -11
67 10 -23 10
67 10 67 -11
89 -29 89 23
89 -29 107 -29
107 23 89 23
107 23 107 -29
22 16 22 74
22 16 66 16
66 74 22 74
66 74 66 16
-24 29 -24 114
-24 29 17 29
17 114 -24 114
17 114 17 29
47 -12 47 61
47 -12 73 -12
73 61 47 61
73 61 73 -12
-80 -21 -80 -6
-80 -21 4 -21
4 -6 -80 -6
4 -6 4 -21
64 -72 64 -60
64 -72 74 -72
74 -60 64 -60
74 -60 74 -72
-43 -41 -43 45
-43 -41 -29 -41
-29 45 -43 45
-29 45 -29 -41
7 -70 7 -40
7 -70 71 -70
71 -40 7 -40
71 -40 71 -70
-30 -40 -30 -12
-30 -40 -1 -40
-1 -12 -30 -12
-1 -12 -1 -40
49 0 49 62
49 0 144 0
144 62 49 62
144 62 144 0
-68 33 -68 45
-68 33 -65 33
-65 45 -68 45
-65 45 -65 33
-89 21 -89 48
-89 21 -71 21
-71 48 -89 48
-71 48 -71 21
-86 51 -86 87
-86 51 -82 51
-82 87 -86 87
-82 87 -82 51
59 -34 59 -19
59 -34 146 -34
146 -19 59 -19
146 -19 146 -34
56 64 56 95
56 64 125 64
125 95 56 95
125 95 125 64
-46 2 -46 42
-46 2 -45 2
-45 42 -46 42
-45 42 -45 2
-77 -17 -77 67
-27 -26 32 -26
24 65 81 65
-26 63 -26 155
57 7 96 7
-25 -11 -25 35
32 -60 32 -43
-52 -56 11 -56
2 1 38 1
-76 87 20 87
-27 5 -27 10
-29 49 -29 88
-3 -32 58 -32
49 62 49 100
-10 -83 15 -83
1 -38 33 -38
2 -44 2 -36
0 10 0 18
-40 50 -40 130
21 62 21 86
2 -17 12 -17
7 24 106 24
-11 11 20 11
-50 -13 -41 -13
-34 -10 1 -10
23 2 23 84
-32 5 46 5
24 -18 24 -17
76 -14 175 -14
71 3 134 3
-10 8 6 8
-85 45 -85 144
39 -28 39 32
-57 -70 -32 -70
-22 -30 49 -30
-82 -62 -72 -62
-47 -59 23 -59
29 -9 76 -9
74 -52 174 -52
19 -7 76 -7
-41 60 -41 135
10 -17 10 19
-55 -17 -55 62
14 -53 14 11
5 22 8 22
-52 24 -17 24
42 -66 74 -66
34 -27 112 -27
-79 -44 -15 -44
-30 -8 -30 0
-25 -61 8 -61
-45 -11 -45 -10
60 22 152 22
67 -8 154 -8
-70 -45 -14 -45
-22 -66 -22 -19
-69 -80 -2 -80
85 -11 147 -11
1 12 84 12
86 -51 86 16
59 36 59 127
83 -37 83 18
-9 11 -9 43
-36 -87 60 -87
17 -27 28 -27
-92 -82 -73 -82
18 -71 18 8
-92 -98 -42 -98
-75 -19 -75 57
70 -66 70 27
-38 47 -38 100
-59 -15 -59 -6
-1 -3 -1 57
-66 13 -66 89
48 39 105 39
-64 -4 -23 -4
39 -79 120 -79
16 -25 39 -25
22 -92 96 -92
41 9 139 9
27 71 49 71
-49 42 -49 121
17 56 109 56
-42 80 41 80
71 77 159 77
76 -47 76 -36
-18 40 1 40
78 82 78 159
-5 -8 -5 69
55 41 55 126
7 -24 89 -24
51 -59 51 38
-60 33 -52 33
-33 72 -33 148
-76 17 -76 114
-55 9 -48 9
-1 89 -1 179
-6 -31 -6 -16
-69 -17 -69 11
-79 26 -79 93
