1000
-79 39 -79 68
-79 39 20 39
20 68 -79 68
20 68 20 39
-2 8 -2 91
-2 8 5 8
5 91 -2 91
5 91 5 8
-31 36 -31 45
-31 36 7 36
7 45 -31 45
7 45 7 36
19 81 19 127
19 81 66 81
66 127 19 127
66 127 66 81
-21 -43 -21 16
-21 -43 -11 -43
-11 16 -21 16
-11 16 -11 -43
8 -32 8 19
8 -32 71 -32
71 19 8 19
71 19 71 -32
-85 19 -85 21
-85 19 -18 19
-18 21 -85 21
-18 21 -18 19
-10 14 -10 43
-10 14 16 14
16 43 -10 43
16 43 16 14
15 -29 15 7
15 -29 42 -29
42 7 15 7
42 7 42 -29
14 53 14 134
14 53 94 53
94 134 14 134
94 134 94 53
-34 -47 -34 33
-34 -47 -32 -47
-32 33 -34 33
-32 33 -32 -47
-6 13 -6 95
-6 13 72 13
72 95 -6 95
72 95 72 13
1 -44 1 56
1 -44 44 -44
44 56 1 56
44 56 44 -44
26 -50 26 43
26 -50 106 -50
106 43 26 43
106 43 106 -50
-1 -60 -1 27
-1 -60 2 -60
2 27 -1 27
2 27 2 -60
-27 84 -27 112
-27 84 9 84
9 112 -27 112
9 112 9 84
-12 6 -12 23
-12 6 79 6
79 23 -12 23
79 23 79 6
-69 2 -69 29
-69 2 18 2
18 29 -69 29
18 29 18 2
-94 32 -94 40
-94 32 -7 32
-7 40 -94 40
-7 40 -7 32
-16 -62 -16 -36
-16 -62 75 -62
75 -36 -16 -36
75 -36 75 -62
48 7 48 63
48 7 58 7
58 63 48 63
58 63 58 7
29 1 29 100
29 1 45 1
45 100 29 100
45 100 45 1
-27 -18 -27 77
-27 -18 -26 -18
-26 77 -27 77
-26 77 -26 -18
-3 -16 -3 81
-3 -16 3 -16
3 81 -3 81
3 81 3 -16
36 61 36 126
36 61 80 61
80 126 36 126
80 126 80 61
-79 69 -79 155
-79 69 -28 69
-28 155 -79 155
-28 155 -28 69
9 27 9 75
9 27 78 27
78 75 9 75
78 75 78 27
32 -8 32 11
32 -8 93 -8
93 11 32 11
93 11 93 -8
-41 -13 -41 -8
-41 -13 -40 -13
-40 -8 -41 -8
-40 -8 -40 -13
-47 -12 -47 67
-47 -12 -39 -12
-39 67 -47 67
-39 67 -39 -12
4 55 4 137
4 55 53 55
53 137 4 137
53 137 53 55
41 -24 41 16
41 -24 99 -24
99 16 41 16
99 16 99 -24
-19 64 -19 132
-19 64 57 64
57 132 -19 132
57 132 57 64
0 72 0 123
0 72 59 72
59 123 0 123
59 123 59 72
88 46 88 130
88 46 128 46
128 130 88 130
128 130 128 46
33 -71 33 15
33 -71 85 -71
85 15 33 15
85 15 85 -71
35 -28 35 70
35 -28 134 -28
134 70 35 70
134 70 134 -28
17 62 17 107
17 62 87 62
87 107 17 107
87 107 87 62
-90 -64 -90 13
-90 -64 -64 -64
-64 13 -90 13
-64 13 -64 -64
-83 47 -83 87
-83 47 -64 47
-64 87 -83 87
-64 87 -64 47
47 -69 47 1
47 -69 117 -69
117 1 47 1
117 1 117 -69
22 24 22 106
22 24 52 24
52 106 22 106
52 106 52 24
64 5 64 97
64 5 130 5
130 97 64 97
130 97 130 5
83 69 83 106
83 69 101 69
101 106 83 106
101 106 101 69
85 75 85 125
85 75 115 75
115 125 85 125
115 125 115 75
17 -46 17 4
17 -46 84 -46
84 4 17 4
84 4 84 -46
-70 -67 -70 -56
-70 -67 17 -67
17 -56 -70 -56
17 -56 17 -67
10 66 10 80
10 66 105 66
105 80 10 80
105 80 105 66
-77 -67 -77 -4
-77 -67 -71 -67
-71 -4 -77 -4
-71 -4 -71 -67
-37 -74 -37 17
-37 -74 38 -74
38 17 -37 17
38 17 38 -74
-67 57 -67 121
-67 57 -60 57
-60 121 -67 121
-60 121 -60 57
-22 9 -22 49
-22 9 -17 9
-17 49 -22 49
-17 49 -17 9
60 2 60 99
60 2 147 2
147 99 60 99
147 99 147 2
-17 54 -17 106
-17 54 8 54
8 106 -17 106
8 106 8 54
12 57 12 135
12 57 111 57
111 135 12 135
111 135 111 57
-65 15 -65 102
-65 15 -4 15
-4 102 -65 102
-4 102 -4 15
-23 -49 -23 -35
-23 -49 46 -49
46 -35 -23 -35
46 -35 46 -49
-31 -73 -31 -34
-31 -73 22 -73
22 -34 -31 -34
22 -34 22 -73
57 -4 57 47
57 -4 105 -4
105 47 57 47
105 47 105 -4
-75 0 -75 75
-75 0 -49 0
-49 75 -75 75
-49 75 -49 0
-57 -36 -57 49
-57 -36 -33 -36
-33 49 -57 49
-33 49 -33 -36
-68 -50 -68 -30
-68 -50 -17 -50
-17 -30 -68 -30
-17 -30 -17 -50
66 -44 66 18
66 -44 120 -44
120 18 66 18
120 18 120 -44
-68 37 -68 130
-68 37 -9 37
-9 130 -68 130
-9 130 -9 37
13 -18 13 12
13 -18 36 -18
36 12 13 12
36 12 36 -18
18 94 18 140
18 94 82 94
82 140 18 140
82 140 82 94
-61 22 -61 111
-61 22 -29 22
-29 111 -61 111
-29 111 -29 22
4 -60 4 -39
4 -60 15 -60
15 -39 4 -39
15 -39 15 -60
7 46 7 97
7 46 31 46
31 97 7 97
31 97 31 46
65 33 65 123
65 33 162 33
162 123 65 123
162 123 162 33
-39 -53 -39 -38
-39 -53 6 -53
6 -38 -39 -38
6 -38 6 -53
-39 -87 -39 -60
-39 -87 -8 -87
-8 -60 -39 -60
-8 -60 -8 -87
69 49 69 73
69 49 92 49
92 73 69 73
92 73 92 49
22 -83 22 -82
22 -83 42 -83
42 -82 22 -82
42 -82 42 -83
-53 -64 -53 -52
-53 -64 5 -64
5 -52 -53 -52
5 -52 5 -64
-52 52 -52 76
-52 52 40 52
40 76 -52 76
40 76 40 52
-41 94 -41 106
-41 94 -20 94
-20 106 -41 106
-20 106 -20 94
-41 -47 -41 -46
-41 -47 -35 -47
-35 -46 -41 -46
-35 -46 -35 -47
-88 -20 -88 78
-88 -20 -51 -20
-51 78 -88 78
-51 78 -51 -20
-44 -19 -44 24
-44 -19 -9 -19
-9 24 -44 24
-9 24 -9 -19
15 35 15 111
15 35 30 35
30 111 15 111
30 111 30 35
62 37 62 77
62 37 142 37
142 77 62 77
142 77 142 37
16 65 16 155
16 65 27 65
27 155 16 155
27 155 27 65
-19 -25 -19 -3
-19 -25 61 -25
61 -3 -19 -3
61 -3 61 -25
-57 55 -57 101
-57 55 -13 55
-13 101 -57 101
-13 101 -13 55
69 -68 69 -14
69 -68 108 -68
108 -14 69 -14
108 -14 108 -68
-22 -59 -22 -21
-22 -59 76 -59
76 -21 -22 -21
76 -21 76 -59
-48 10 -48 51
-48 10 43 10
43 51 -48 51
43 51 43 10
-32 42 -32 109
-32 42 24 42
24 109 -32 109
24 109 24 42
12 0 12 32
12 0 90 0
90 32 12 32
90 32 90 0
-16 -12 -16 21
-16 -12 10 -12
10 21 -16 21
10 21 10 -12
73 -65 73 31
73 -65 94 -65
94 31 73 31
94 31 94 -65
34 30 34 86
34 30 37 30
37 86 34 86
37 86 37 30
-42 1 -42 87
-42 1 11 1
11 87 -42 87
11 87 11 1
-27 -22 -27 -20
-27 -22 50 -22
50 -20 -27 -20
50 -20 50 -22
19 -45 19 28
19 -45 54 -45
54 28 19 28
54 28 54 -45
70 36 70 79
70 36 164 36
164 79 70 79
164 79 164 36
-15 -1 -15 49
-15 -1 53 -1
53 49 -15 49
53 49 53 -1
16 -52 16 -5
16 -52 74 -52
74 -5 16 -5
74 -5 74 -52
-45 86 -45 145
-45 86 -16 86
-16 145 -45 145
-16 145 -16 86
-65 -28 -65 7
-65 -28 -63 -28
-63 7 -65 7
-63 7 -63 -28
20 -72 20 -33
20 -72 103 -72
103 -33 20 -33
103 -33 103 -72
31 -30 31 -7
31 -30 67 -30
67 -7 31 -7
67 -7 67 -30
23 45 23 96
23 45 28 45
28 96 23 96
28 96 28 45
95 -11 95 -8
95 -11 111 -11
111 -8 95 -8
111 -8 111 -11
13 -78 13 -23
13 -78 43 -78
43 -23 13 -23
43 -23 43 -78
-46 -4 -46 5
-46 -4 30 -4
30 5 -46 5
30 5 30 -4
34 89 34 142
34 89 56 89
56 142 34 142
56 142 56 89
68 -23 68 44
68 -23 122 -23
122 44 68 44
122 44 122 -23
54 -54 54 -47
54 -54 121 -54
121 -47 54 -47
121 -47 121 -54
-31 53 -31 65
-31 53 -20 53
-20 65 -31 65
-20 65 -20 53
77 -30 77 13
77 -30 160 -30
160 13 77 13
160 13 160 -30
-92 -12 -92 83
-92 -12 -84 -12
-84 83 -92 83
-84 83 -84 -12
-10 -86 -10 -81
-10 -86 74 -86
74 -81 -10 -81
74 -81 74 -86
-14 -15 -14 25
-14 -15 51 -15
51 25 -14 25
51 25 51 -15
55 52 55 114
55 52 112 52
112 114 55 114
112 114 112 52
-54 -70 -54 -11
-54 -70 9 -70
9 -11 -54 -11
9 -11 9 -70
-86 -10 -86 8
-86 -10 -58 -10
-58 8 -86 8
-58 8 -58 -10
-11 44 -11 123
-11 44 -10 44
-10 123 -11 123
-10 123 -10 44
89 -52 89 39
89 -52 100 -52
100 39 89 39
100 39 100 -52
-54 71 -54 171
-54 71 -33 71
-33 171 -54 171
-33 171 -33 71
-89 -39 -89 36
-89 -39 -73 -39
-73 36 -89 36
-73 36 -73 -39
1 82 1 101
1 82 46 82
46 101 1 101
46 101 46 82
-8 44 -8 103
-8 44 2 44
2 103 -8 103
2 103 2 44
-44 28 -44 48
-44 28 -38 28
-38 48 -44 48
-38 48 -38 28
30 -46 30 -33
28 -13 28 30
5 -38 5 -20
45 8 83 8
-23 0 -23 27
-55 2 -55 81
-86 -15 -55 -15
-14 61 -14 139
-38 -53 -38 27
-3 -75 63 -75
-52 76 -52 84
-23 -5 -23 -3
39 25 39 94
57 -58 92 -58
-54 34 -54 41
-12 35 -12 54
19 -42 83 -42
50 29 50 103
29 -20 29 -5
71 44 71 143
-29 -8 16 -8
52 39 65 39
67 14 82 14
-16 -32 -16 -15
-5 -47 13 -47
-26 -43 -26 -39
33 42 86 42
-26 -17 14 -17
-43 -5 -43 34
20 -89 114 -89
-70 -38 -48 -38
-48 -50 -48 3
-50 40 -50 100
-81 28 -81 122
-78 7 -78 65
-43 -23 -43 -11
-32 -77 -18 -77
-28 -31 -28 50
37 -36 37 14
47 12 47 72
36 -9 75 -9
31 -17 75 -17
-75 -78 -18 -78
-46 39 -46 119
58 -48 73 -48
-19 -28 -16 -28
38 22 68 22
-16 7 -7 7
25 54 25 144
-4 -66 -4 -35
87 21 165 21
49 -25 49 17
17 73 63 73
10 -76 89 -76
-25 -19 -25 44
-35 57 -6 57
-91 53 -91 99
7 -26 56 -26
-40 -29 -30 -29
-19 -27 -12 -27
-13 -6 -13 37
-18 22 -13 22
6 2 6 82
14 -9 14 47
63 -81 63 -38
26 -16 69 -16
5 71 91 71
-7 -20 -7 19
-36 53 -36 68
12 -66 74 -66
78 -45 78 -28
-84 -74 -76 -74
29 -43 51 -43
-24 -46 3 -46
14 26 68 26
-3 -64 -3 -40
-45 30 -45 60
13 -12 42 -12
-74 0 -74 53
21 18 29 18
75 -12 146 -12
4 -39 4 -31
-59 -51 -59 -15
-81 -17 -81 -4
8 26 8 28
25 -31 25 8
-39 -27 -28 -27
-30 -41 4 -41
75 -35 170 -35
-69 -32 -69 -11
73 17 157 17
-39 -45 -37 -45
63 24 133 24
39 -4 40 -4
0 -62 0 2
-23 42 -23 126
27 -19 27 24
52 -54 52 -41
-12 -7 -12 -5
-18 26 -18 75
48 -21 48 -12
48 75 48 86
-5 48 -5 105
-47 67 -47 101
58 63 58 96
-5 -19 -5 9
6 11 31 11
-87 34 -87 102
-48 -28 -31 -28
-44 -14 -2 -14
-80 31 20 31
63 34 78 34
33 67 33 69
82 -31 151 -31
-24 -45 -24 4
16 -64 40 -64
-19 5 -19 53
82 -29 82 -9
67 38 67 80
18 -37 57 -37
60 -28 60 -13
67 63 130 63
-60 -45 -60 0
-8 30 0 30
-55 82 -55 103
86 36 86 103
49 67 88 67
56 29 90 29
-36 4 -27 4
-30 -11 -30 10
57 -19 125 -19
76 3 82 3
-21 12 10 12
-22 50 70 50
-67 -33 -67 -16
-58 14 -51 14
12 -43 12 -6
-5 58 53 58
-36 17 -36 43
-70 31 -70 74
56 82 103 82
70 -53 70 -33
56 -36 56 29
39 -84 39 -58
44 -40 84 -40
3 38 86 38
54 60 54 100
33 60 63 60
-40 -10 -37 -10
-16 57 -16 81
-22 41 -1 41
21 -41 21 9
-48 -6 23 -6
-39 -51 -8 -51
-51 -7 -49 -7
1 74 43 74
81 -67 136 -67
-47 20 1 20
14 -59 14 -20
58 -92 85 -92
-96 13 -96 85
-36 -19 -36 5
9 -38 28 -38
32 66 32 103
-43 89 -37 89
62 -59 62 -44
-58 11 -58 82
65 45 80 45
-16 93 22 93
-70 -5 -69 -5
49 30 50 30
-64 71 -62 71
-21 33 -21 132
5 98 5 185
65 -44 65 33
86 12 126 12
-41 11 -41 68
65 10 127 10
-24 48 48 48
-30 35 -30 116
23 -73 104 -73
-23 -71 -23 -70
6 -40 25 -40
12 37 46 37
-12 -70 -12 -43
58 4 58 6
28 -60 123 -60
-28 -52 -28 -45
72 81 152 81
57 -22 105 -22
-7 -92 -7 -67
25 24 25 41
-77 -21 -31 -21
-33 -39 3 -39
-29 -12 -29 -6
60 -42 60 -36
59 -47 59 35
-17 -77 71 -77
-13 -74 -13 -51
21 83 81 83
-64 20 -64 27
-6 3 21 3
37 -47 49 -47
-4 -26 -4 -13
40 -37 40 -28
69 -78 69 -76
-64 16 -34 16
-15 -22 -15 -3
-68 -84 -63 -84
7 -12 7 26
19 44 19 71
39 -51 80 -51
-51 48 -47 48
-18 -41 -18 -23
14 -24 33 -24
-2 -28 18 -28
-12 -68 8 -68
-18 11 -4 11
1 67 38 67
-82 -23 -62 -23
77 -20 131 -20
-52 23 -14 23
86 15 86 16
-9 -10 -1 -10
46 8 46 47
20 -11 44 -11
31 -6 108 -6
25 -70 66 -70
61 82 61 113
55 -7 55 8
-25 44 -25 114
-53 75 -53 108
44 62 44 145
88 -40 109 -40
28 -57 125 -57
61 -1 128 -1
78 -49 122 -49
-82 73 -54 73
68 -20 74 -20
27 41 28 41
32 -77 32 -8
-63 61 -8 61
-35 -5 -35 72
79 -25 111 -25
38 18 38 50
-75 83 -75 88
60 25 70 25
-24 18 -23 18
58 9 123 9
-33 -2 47 -2
-49 89 -49 96
-7 -45 -7 -39
11 -18 11 -2
-80 -32 -80 -2
11 78 74 78
1 -79 90 -79
-52 -61 -52 -50
91 9 91 95
51 43 51 123
49 44 49 89
-29 -1 -29 21
-5 -85 81 -85
-32 -69 38 -69
6 -41 15 -41
-70 60 13 60
-71 12 -44 12
-52 1 -52 37
-36 12 -33 12
-15 -60 -15 -44
-15 -44 -7 -44
43 -12 62 -12
-78 -87 -75 -87
30 -10 75 -10
-59 19 -59 23
45 -43 45 -20
-79 -34 -35 -34
52 -12 52 8
-67 -1 -23 -1
-37 18 -37 103
40 21 40 47
3 9 25 9
27 40 63 40
-2 -68 -2 -61
-60 -26 1 -26
-29 -42 1 -42
-11 -30 31 -30
34 -86 34 -21
-43 61 -43 66
51 -66 51 -59
-70 -2 -59 -2
9 -82 22 -82
62 -35 62 -10
3 -88 3 -37
-41 70 6 70
20 20 50 20
-5 10 -5 34
-17 -13 47 -13
4 -7 4 32
-24 11 -24 109
-62 -11 -61 -11
-20 -40 -20 12
42 -59 42 -33
-72 -27 -72 64
24 -55 24 -48
-86 51 -86 106
-53 1 -53 52
-41 5 -41 10
75 16 75 91
13 22 13 49
0 15 3 15
24 -42 24 28
15 30 34 30
-83 71 -77 71
-83 19 -83 39
-67 -5 -36 -5
65 -49 65 -47
-71 32 -71 71
12 83 16 83
-12 75 -12 117
71 12 73 12
23 4 23 39
-74 38 0 38
-82 -2 -82 24
-60 52 -60 54
39 -27 57 -27
-62 -20 -62 22
58 -91 58 -27
-60 -58 -27 -58
-26 -63 45 -63
59 79 65 79
-23 77 43 77
54 -18 154 -18
55 41 127 41
82 -3 82 69
22 -19 22 17
25 44 55 44
-61 -65 -49 -65
61 3 61 78
45 -51 45 -50
-15 -50 6 -50
50 48 113 48
61 7 112 7
-77 16 -77 103
-59 39 -59 110
8 -67 8 -57
10 85 91 85
-39 27 -11 27
-94 33 -87 33
72 -29 72 -8
-5 -71 -5 -54
-1 82 -1 146
-59 -84 39 -84
23 -55 24 -55
-82 53 -82 85
-4 -76 8 -76
-40 -48 -40 -30
-4 3 -4 14
-44 8 -25 8
-42 62 -9 62
-15 -90 11 -90
68 77 68 108
-6 -56 -6 -18
63 55 63 120
-19 -71 -19 -55
-66 3 -66 64
-67 -54 -55 -54
33 30 33 32
-67 -81 -67 -67
26 -91 92 -91
-29 59 -12 59
41 19 41 84
-24 -33 12 -33
21 22 21 121
-27 4 -3 4
-19 34 28 34
17 -56 41 -56
0 63 0 68
-14 -18 -13 -18
-15 49 -15 149
-9 -37 -4 -37
0 12 0 37
47 -67 51 -67
-14 32 -14 60
-70 -51 -58 -51
-71 -74 -56 -74
84 -13 161 -13
-53 7 -45 7
35 3 67 3
7 -53 29 -53
54 12 57 12
42 25 42 65
37 -38 57 -38
-6 -19 51 -19
-44 -73 -44 -47
-40 -41 -31 -41
-25 47 -20 47
84 6 129 6
-36 -88 62 -88
-64 4 -62 4
31 -80 37 -80
0 -51 26 -51
64 -12 70 -12
-41 85 -1 85
-57 -93 -57 -65
-55 50 -38 50
-73 -40 -58 -40
-4 -58 38 -58
30 18 30 24
-93 -14 -70 -14
48 21 53 21
-40 -8 -40 1
42 72 42 112
-27 -38 -27 -33
-5 -36 -5 -29
75 -22 75 13
-53 -91 7 -91
-79 -3 -71 -3
-25 -61 -25 -47
-70 -29 -70 25
-9 -29 14 -29
-30 3 -27 3
21 54 84 54
-53 -57 -8 -57
-38 25 -31 25
-81 -61 -67 -61
-36 68 -36 72
64 -78 64 -1
54 -41 78 -41
-67 -10 -67 57
94 32 107 32
84 -10 90 -10
90 28 108 28
-63 18 -63 113
-67 -12 -67 -10
-60 54 -41 54
-7 72 -7 93
90 78 90 144
3 -31 81 -31
-62 33 -46 33
-76 -80 -76 2
-25 12 -22 12
-38 63 -38 163
69 -3 78 -3
43 -23 52 -23
37 33 46 33
4 33 4 35
58 64 138 64
-46 -35 -31 -35
67 3 67 24
-73 46 -73 111
67 -55 67 -51
43 60 43 111
-4 16 -1 16
-37 -15 -23 -15
55 -88 55 -24
-53 -98 -53 -91
81 -14 81 71
-68 4 -68 12
-64 -9 -48 -9
-30 -30 -30 -28
-23 33 20 33
-13 18 -3 18
-80 10 -80 39
-35 7 -24 7
6 -5 6 -4
59 35 59 64
-13 -47 -13 -40
35 -72 35 -34
-94 9 -90 9
75 55 110 55
-30 -87 -30 -75
18 -69 18 -48
-69 -33 -45 -33
39 -15 39 -10
-74 14 -67 14
7 -55 7 -21
0 22 29 22
23 -63 23 0
-15 -86 -15 -85
50 -5 50 17
90 51 154 51
40 -84 40 -77
-59 -13 -59 6
80 -26 80 29
-45 -1 -45 7
47 76 75 76
-44 -61 51 -61
52 -13 59 -13
9 84 21 84
75 76 93 76
-85 -9 -85 18
-78 -19 -76 -19
6 -22 6 -21
-23 -34 -23 -19
-63 13 -39 13
9 1 9 4
-50 -92 1 -92
4 -26 6 -26
24 -34 65 -34
24 -64 24 -61
