50 10 50
815530 291938 124556 765254 425420 816258 202071 458047 258609 788854 991669 924578 718788 514024 736578 197602 361003 366493 887490 334321 480458 899674 164903 796213 381518 640451 489450 525205 249349 392177 53584 383815 252499 204924 90403 228275 274553 12625 905142 996778 271381 959981 434773 623663 174098 959804 674958 961777 304595 815899 
802242 63869 693472 952506 747061 487244 489189 705012 179196 319902 303572 208546 56487 822802 77887 759022 813494 729936 753144 241249 670586 382946 724871 843456 712776 189761 134396 363947 242447 684105 361864 937113 39587 607387 829549 891894 295375 490045 766344 823481 166292 108644 758546 780400 355463 564764 932189 436257 720882 667502 
50193 23621 547973 599448 955919 881383 729128 769431 958101 900694 919584 738280 403131 825069 640394 789771 626003 697353 340529 408308 842830 939295 173221 359076 640252 726428 354618 452626 973585 427098 318634 627193 741653 350572 581359 220718 613611 339908 261709 188678 136396 718047 959708 50174 254300 654124 281759 473315 665982 701407 
381209 813920 644067 422515 389790 82795 175493 130112 639940 851669 148692 137343 566183 146871 878220 729721 908829 742128 315749 717193 187504 545648 946748 601160 356753 226790 38295 33908 531367 133803 877356 567051 24830 20539 591183 361600 936310 471981 671367 286693 844070 660721 232463 415274 265032 621613 660286 521018 456811 58915 
351276 194177 92579 998940 142013 188905 440706 763352 409834 294739 71715 281123 136602 370970 840463 941861 149859 152029 631354 184621 42115 731215 684803 41901 97529 215084 815491 833377 441289 444815 690127 77146 388888 373181 874226 567689 348002 193548 571202 815005 314388 734560 403164 126592 699246 536394 567406 59097 530044 33145 
402390 368669 106427 821618 479619 805792 977801 802913 784937 153822 414305 650780 335333 424875 6957 957407 16705 301118 117827 728273 374747 229575 73643 633078 768616 806777 883552 46697 313456 61144 366764 319733 578001 673 945157 50822 596892 184705 48135 252373 273641 764692 781642 150007 427080 755221 800183 145487 376170 714531 
634805 475052 445517 476963 813292 731707 849164 564430 940095 341260 770288 906827 34299 599542 717924 586410 310466 196354 709775 43412 71531 132559 279804 894024 553748 507311 61562 283155 415984 59387 837364 702022 287346 14898 450839 637949 160505 346650 842246 931597 780539 100850 986534 325880 576293 225904 239457 952964 637136 30657 
471725 550246 280250 652851 89452 977733 415718 944606 606987 558737 134789 93694 539801 471444 89220 298105 224506 954280 764103 821211 304396 551179 678500 791110 145247 956656 736063 72564 451841 373673 84929 988304 166976 977494 329680 19893 534232 904578 840127 709701 779451 427032 781325 753957 984851 748856 798481 977532 513835 842962 
663457 566249 555885 523357 126446 197644 904444 469082 613287 506846 12520 451788 195737 384124 870817 4659 297971 843717 442479 301120 114042 618838 124195 333963 144457 437583 405076 863227 925964 539049 505359 850171 900821 79270 253715 818764 782490 777958 738870 876649 28432 533595 975327 896307 58340 911831 38810 87664 477709 724830 
452212 556546 795908 869009 292096 919076 79783 915246 930063 987654 807843 452168 766095 512242 879741 880083 900746 145333 50528 55107 334217 978624 933212 947833 796357 476278 876653 493720 345429 41535 269282 529291 266645 101242 36013 727746 497479 546048 541807 90474 722673 639632 162327 258094 15967 737667 896718 85392 442558 418071 
318171 899991 201701 725159 612428 264099 408414 586930 444316 152137 808035 504604 892290 970284 941402 542820 132219 667597 789582 591456 519691 619632 465224 993132 949488 729701 348653 81209 445871 66007 948006 235124 126076 499439 219527 692467 616473 574996 227039 171575 918530 640183 531870 557069 334685 259282 267268 579319 319923 373088 
314513 376284 529819 717268 18999 693387 466702 272236 491336 704757 993201 846359 270729 927848 316313 572490 262863 534887 136380 986175 115018 709813 103426 786493 997476 489141 256530 363461 831963 965109 746723 214118 546699 37487 332537 646098 47590 855179 241546 794247 936216 95888 361116 105847 745874 533656 339610 908590 338170 842725 
232661 575390 875422 517218 714562 4827 822902 724667 74995 201622 517784 388541 632792 996635 366028 191335 800293 283743 882939 376292 588229 652103 907042 269656 390775 718891 217785 180683 92568 681329 982008 931123 724331 386962 706576 725727 850331 552341 894615 762023 452959 835069 593656 86836 620451 725347 599993 290786 431012 461961 
852974 583321 135365 263645 947672 852080 973076 631608 716057 360965 348137 516643 437738 43778 897738 571632 249756 154070 760933 497719 304942 978411 386928 128197 674870 230309 454561 829335 667363 978788 232328 130379 246774 888631 212654 652191 592756 633283 58840 793509 633557 360075 816508 859504 847968 966091 619560 783150 584497 156255 
911392 411358 579510 267020 727243 96522 139917 549325 876380 132300 533777 911329 28677 461335 113371 161303 546749 202880 32040 832811 601709 910938 220496 574083 4295 246775 976309 354455 776739 994790 977905 880294 2874 576730 32588 780193 784100 596997 765656 722937 737247 737395 972954 910798 752702 673112 391543 466548 915019 608081 
150944 867118 513683 515416 574 896412 691844 836758 359926 509549 242248 441647 504742 336075 829932 204643 814979 356876 103746 985480 672321 222308 35486 706643 950580 613834 375801 898915 522287 593330 333193 729298 536374 370714 54199 53821 608567 841918 499819 306402 790922 738696 265473 341106 360978 921726 240832 158092 583167 6923 
93932 705926 287724 505036 428137 250404 75704 872263 21497 175996 744313 378018 567829 533724 580543 527404 762910 371201 428597 490461 591747 855895 512630 51861 555906 599967 705989 50291 263012 703097 872955 319528 102058 645213 85749 667116 752937 933867 543457 521478 703191 52165 152636 539920 41306 289419 39247 494863 833171 245650 
433279 142415 748807 79382 991891 31874 343275 516884 340757 384745 883449 65776 322155 654052 636928 483884 418032 674204 691179 246522 372453 487967 938482 77675 17072 466564 524239 564917 40554 259638 274273 764153 672379 159508 734340 494540 856110 616097 201011 646012 968327 481944 821041 713314 500546 676809 155099 848187 487151 89071 
991008 184169 325572 63717 650274 862886 276246 891006 809778 87378 156585 355593 103155 598688 475872 137467 23753 737149 797175 369209 122716 198000 103132 334212 786736 602816 597753 36528 384392 343089 218204 453740 426027 38020 192408 488364 125558 722775 144112 30292 117180 910667 923433 927942 716621 926594 883592 868565 542431 149815 
446642 260792 206971 693464 394670 90282 241493 885524 510396 185492 428129 546401 887625 392142 225765 807534 923246 849804 7505 58359 617297 633289 466369 885504 941170 844875 339497 172889 427809 849587 535032 85373 371151 333360 499403 150945 958282 489621 86503 620192 285252 464392 888087 487908 140415 399714 945428 732572 963153 456692 
276618 517799 734195 576321 119872 422282 208772 386041 934187 119929 339011 427533 61867 880635 840955 970629 551501 741783 106378 950883 450654 292853 679788 152072 956510 814282 476313 658093 59492 30851 99851 46299 66944 739915 757762 886601 279802 142555 275573 567409 897017 794344 228950 435165 628648 179378 756496 986315 377640 982079 
450764 580658 859341 151476 299772 597872 803209 883689 662095 466116 301293 422840 394139 18911 929615 904962 385827 46951 568255 994616 423369 577181 602946 692928 553241 627525 144333 122964 916254 65337 781122 718068 241373 242817 38392 884086 757670 823860 499571 765719 795758 332521 404495 839311 823342 401230 406480 3389 329158 181303 
605329 128862 909044 706945 543307 985376 890115 153240 425932 743492 856753 88468 930346 631094 522043 859287 68980 299378 193237 487362 529726 696127 355574 769592 164139 932840 716716 642840 568912 779101 986575 258425 12376 149365 441544 548072 339239 938454 732716 786549 891177 886344 93590 946525 928041 260512 157907 850165 45920 901103 
711215 146928 928594 389748 242014 522272 702118 368408 190802 390013 860917 61888 439816 229094 960834 349622 428782 698759 686906 384832 19804 717739 667448 688809 730953 902567 836679 674702 510207 358751 365260 735291 215716 761285 106165 336781 357288 137040 691291 750874 753065 987182 643617 41530 876424 477787 352259 99576 267010 865436 
113167 294750 703677 3824 440744 187051 600656 44165 419598 726764 319751 262055 437744 772495 815924 979402 635751 363594 552911 468589 749523 202029 15683 895086 306477 687341 675737 958522 808452 667129 83326 633513 842385 375344 238837 575199 609317 402642 580671 613958 217326 588322 259406 241190 299095 568854 557231 490487 753877 623532 
507992 533291 900927 666860 168155 333368 384874 583758 410270 862334 913600 935927 889472 463212 252603 841952 28959 248957 38871 308571 804233 145604 563459 432971 166665 415885 413247 896805 7060 725193 856485 783001 874435 150606 100342 501122 268854 99588 785604 488224 687439 658482 955427 974806 807498 184228 55470 641728 567549 792808 
372300 530889 131905 98270 846032 749478 756639 820258 246014 497682 655003 480085 479082 650737 371880 539259 644841 143461 619283 351425 735126 986685 581053 849490 742274 217323 900032 48977 548119 489409 896577 778836 186250 607078 373240 275546 143461 464904 375324 77797 921663 641458 512952 316120 811893 922959 922788 731356 835150 651202 
688977 566383 199256 121652 581657 500751 515314 738236 652762 533636 309292 202250 273903 920245 998277 139738 376757 444359 332697 598172 690032 229296 758118 722721 276664 129378 696293 440616 311979 903574 414226 910405 436310 170792 717724 433048 870651 891939 703385 396508 837752 957193 172681 539349 976764 697092 933223 68161 435476 843700 
828737 781488 131653 773194 766952 397103 516437 918338 386552 63034 714622 295382 330581 718466 986036 532766 216124 601398 346386 302674 513541 550842 513159 287591 884361 875924 900595 546219 234641 280476 356369 773257 37133 27839 696090 236483 898184 255291 106242 746373 489121 28982 842600 713139 827192 102403 525876 83140 871326 214254 
748809 273372 580238 93822 837160 543765 351206 596690 665119 197254 59032 405020 146919 722298 128425 262277 470264 211940 194719 281917 863528 674464 945512 588686 906655 24395 722924 893647 485383 232702 592417 102162 440554 937755 110085 900957 127263 469210 906992 519688 878680 321542 51645 602031 927019 741497 903791 438068 517933 132431 
793923 846271 150143 73566 988079 718827 523697 48524 214095 902048 801074 598654 759358 838876 693658 165458 614250 133688 879240 475120 143991 172414 639481 24354 136809 566827 92616 453112 647353 595504 545070 353277 613397 194996 276141 279241 251979 745645 116595 450200 792597 43242 519206 740802 152677 866033 181588 716324 644117 202557 
231804 925231 420891 743253 817086 707368 883796 702973 804265 18096 961286 578271 226311 95193 204854 596031 561669 355903 638340 915941 458455 677836 21831 884744 442468 496056 75352 840866 197165 375527 609002 98927 440095 413254 372162 649674 169834 163921 51916 63441 892661 124875 600982 53553 380028 668359 47871 504566 410934 105608 
216497 989528 919794 243405 976940 600011 611731 189010 966076 417375 7987 100848 164192 798662 279872 131011 793595 977781 713466 463468 607138 990887 585138 891724 618065 831401 286361 284259 28087 153506 254024 431111 510344 382227 48563 317662 870262 783224 385955 43030 60307 448367 656802 743049 227410 893292 691098 562847 506882 287466 
758222 668618 424790 926159 971779 88427 700546 920447 809561 391995 238477 506380 923769 392926 798894 942455 388659 442540 855040 426276 506140 136875 622739 918597 546210 164128 838335 815234 157445 553721 878209 991399 469740 601240 284664 919474 121142 818259 222231 607281 872189 422642 526592 480404 445629 127173 323248 746265 741382 24850 
9669 588899 983730 611772 109165 187847 613987 627857 40503 405332 786019 132887 729337 469461 857513 180820 865903 616978 452682 245290 757673 520654 757619 830623 589214 918262 362785 770717 924259 151944 159469 821770 839162 58738 710168 491161 445449 373982 375138 231167 792857 844212 75884 53686 901700 729712 143279 859389 889399 139014 
508068 380577 899727 620491 74361 792725 570539 736074 130608 973302 155650 832902 544535 377705 563773 452058 622378 847875 402711 582475 21045 636786 209437 790680 897594 473609 249162 624805 446355 493807 119036 657774 488541 221735 501698 123043 780680 43856 371913 814006 887165 945499 445594 547648 56086 684690 810905 539824 338876 379072 
654137 420917 944698 773087 747303 976665 526300 53414 411575 535972 538155 766159 754487 713382 70157 625405 366443 376227 927267 613348 202904 615825 357631 735509 223544 163501 741007 183013 561158 827046 880737 640119 597407 518773 564286 441957 239199 695669 89369 721250 975178 280481 795147 819838 117707 421797 482193 234635 783801 228904 
866315 507065 782550 37472 822 842293 685006 587435 781385 148516 888518 904762 161893 610832 878671 158566 648461 35220 271600 535413 976225 609075 555694 402270 332782 563752 511354 457832 902998 733795 259619 157398 386429 342248 112494 443484 884101 395789 515102 814380 493025 3022 632878 464652 787398 757531 588355 353647 684556 362399 
983249 79657 194774 300343 985259 758417 260080 699323 351569 409466 580946 420700 543268 219244 767873 561696 878594 437780 432593 486995 51554 369879 719961 678655 771064 749646 772136 551568 3225 855960 957055 330853 63809 529389 334318 866904 358456 369276 729447 588550 314702 9448 390949 987202 229432 842397 585480 156498 66888 10462 
179455 880806 160837 948182 7204 332726 752753 459248 209631 884333 939728 167945 607965 662154 7971 203832 182494 831605 321809 274605 248202 592471 9617 38712 309942 43290 563065 838450 368923 180055 107230 738340 330937 387155 754168 632501 598271 813405 372431 470592 88755 537461 508555 515478 218777 455475 590838 7428 90279 998318 
290819 78335 718812 135677 419396 648916 624797 162419 504052 956996 909486 122169 937751 841994 483982 445714 269144 456604 466006 166152 44536 339775 236827 279794 934287 949997 182559 692189 325704 583873 985165 127040 84896 839904 292923 549913 193534 979577 582884 814947 887336 636606 894585 121508 103267 388244 712824 186747 251265 693993 
232978 811771 147567 202133 237714 514188 240605 644367 662215 745567 966293 123150 298905 94596 572255 369407 657249 588348 765833 949655 820839 90126 999305 528344 732419 352453 999306 14748 930070 433206 985918 607573 466642 844958 155883 432734 340521 332700 962538 362303 544354 380592 584774 222745 614035 132297 651222 716137 810232 887964 
703364 445911 824657 280904 521396 596609 226783 497169 252999 911490 460002 479000 658148 79948 15245 156653 579409 627624 88222 272088 496890 525823 564422 489605 350323 665862 274938 152586 191026 83977 949288 759731 460515 684474 509280 498646 897208 767305 275344 417131 451253 949174 758295 692461 760334 712416 328649 953814 825636 319861 
120222 805128 947950 680545 533288 69411 403462 824025 142450 192359 556668 613183 234265 975329 547639 694899 271341 381711 610361 127411 646690 249306 907381 498617 483826 558804 729719 954654 142923 595100 770805 385928 773509 366641 185583 956532 938259 897843 397325 298986 8329 813324 829837 392502 720354 760262 790289 51729 238455 100103 
104917 501090 574962 117092 637625 669199 761953 12241 195 597881 294437 841208 41712 417880 957964 813813 608556 325431 616151 184402 897721 409356 468902 478859 897088 899663 169264 513531 753761 51674 611787 189367 959509 938829 971948 806125 979874 851671 22059 231989 717058 356523 909953 231901 267935 932590 865847 598953 630087 16131 
932583 672276 443288 777778 239675 544604 881310 548810 103964 960445 500264 654056 279025 952945 274447 150190 743890 551319 638853 794423 230255 810663 843122 867430 53172 617918 974888 390419 692507 9413 96579 421268 572929 834105 420045 992203 431001 919798 510020 996224 275124 946332 910079 961214 103925 343285 479824 521529 224890 887718 
659025 148981 915337 14599 311223 452090 5408 535954 859565 795679 316267 311667 211846 623723 225839 798034 643633 664111 270663 726331 955888 84391 994869 384509 835434 228469 957428 79850 569829 1580 458665 673987 971355 773949 245109 262250 538958 628821 668257 403180 868103 968714 463889 700577 536878 942578 713830 997377 69878 557222 
102716 38779 432144 45813 832334 104353 594188 182834 991301 181649 190910 920787 791933 612941 782344 985965 524945 85394 717382 559416 365690 992700 794594 758749 866330 801747 492537 193553 358534 390626 505153 730008 251845 101311 65709 921863 877103 479338 214750 902886 347795 287521 235164 196758 55638 477232 908386 436370 279023 544293 
17250 16179 451013 337157 964848 767297 421843 952538 348267 724611 233847 855442 443747 936432 78118 787909 366750 460134 212127 416176 138638 694677 246035 854167 848375 905497 95560 301836 342815 232180 755111 38747 594928 618163 283811 403378 968815 857911 921275 588145 944986 722882 434124 319788 295777 445439 570706 64801 799305 550984 
338196 871271 211781 351928 863841 907362 984689 981084 213609 366692 689350 395533 602885 170258 275372 392922 786243 572126 609306 546534 806761 33597 437961 452028 65709 23242 22896 666169 546990 805163 325793 128933 974127 306341 937731 597159 263399 905778 695023 708235 835741 565678 320771 176595 786664 520008 428812 777353 882245 38201 
4 31
40 40
16 16
40 1
11 35
28 12
18 5
18 3
30 8
28 22
7 28
40 11
35 38
33 22
24 11
26 9
32 23
35 33
15 28
11 19
33 9
28 15
13 39
10 5
3 11
14 22
14 12
3 25
16 30
40 25
5 23
19 1
38 25
27 2
23 2
38 39
25 6
13 27
26 4
6 6
18 20
12 18
17 2
12 17
19 15
14 12
21 29
7 5
35 20
5 13
