100 135 125
47 27
82 27
82 28
48 28
48 29
81 29
81 30
48 30
48 31
82 31
82 32
48 32
48 33
99 33
99 34
48 34
48 35
67 35
67 36
48 36
48 37
106 37
106 38
48 38
48 39
51 39
51 40
48 40
48 41
62 41
62 42
48 42
48 43
85 43
85 44
48 44
48 45
86 45
86 46
48 46
48 47
55 47
55 48
48 48
48 49
93 49
93 50
48 50
48 51
89 51
89 52
48 52
48 53
62 53
62 54
48 54
48 55
98 55
98 56
48 56
48 57
83 57
83 58
48 58
48 59
100 59
100 60
48 60
48 61
76 61
76 62
48 62
48 63
62 63
62 64
48 64
48 65
99 65
99 66
48 66
48 67
88 67
88 68
48 68
48 69
109 69
109 70
48 70
48 71
64 71
64 72
48 72
48 73
74 73
74 74
48 74
48 75
93 75
93 76
47 76
