92 92 112
76 54
76 84
75 84
75 55
74 55
74 76
73 76
73 55
72 55
72 74
71 74
71 55
70 55
70 103
69 103
69 55
68 55
68 80
67 80
67 55
66 55
66 107
65 107
65 55
64 55
64 66
63 66
63 55
62 55
62 106
61 106
61 55
60 55
60 82
59 82
59 55
58 55
58 97
57 97
57 55
56 55
56 66
55 66
55 55
54 55
54 110
53 110
53 55
52 55
52 99
51 99
51 55
50 55
50 58
49 58
49 55
48 55
48 108
47 108
47 55
46 55
46 56
45 56
45 55
44 55
44 73
43 73
43 55
42 55
42 103
41 103
41 55
40 55
40 86
39 86
39 55
38 55
38 66
37 66
37 55
36 55
36 107
35 107
35 55
34 55
34 102
33 102
33 55
32 55
32 87
31 87
31 54
