100 163 48
107 18
107 20
106 20
106 19
105 19
105 28
104 28
104 19
103 19
103 39
102 39
102 19
101 19
101 40
100 40
100 19
99 19
99 40
98 40
98 19
97 19
97 24
96 24
96 19
95 19
95 38
94 38
94 19
93 19
93 20
92 20
92 19
91 19
91 22
90 22
90 19
89 19
89 38
88 38
88 19
87 19
87 28
86 28
86 19
85 19
85 37
84 37
84 19
83 19
83 20
82 20
82 19
81 19
81 42
80 42
80 19
79 19
79 39
78 39
78 19
77 19
77 36
76 36
76 19
75 19
75 35
74 35
74 19
73 19
73 26
72 26
72 19
71 19
71 23
70 23
70 19
69 19
69 39
68 39
68 19
67 19
67 24
66 24
66 19
65 19
65 30
64 30
64 19
63 19
63 27
62 27
62 19
61 19
61 24
60 24
60 19
59 19
59 28
58 28
58 18
