92 95 155
72 23
72 55
71 55
71 24
70 24
70 63
69 63
69 24
68 24
68 72
67 72
67 24
66 24
66 68
65 68
65 24
64 24
64 27
63 27
63 24
62 24
62 61
61 61
61 24
60 24
60 46
59 46
59 24
58 24
58 95
57 95
57 24
56 24
56 99
55 99
55 24
54 24
54 59
53 59
53 24
52 24
52 57
51 57
51 24
50 24
50 71
49 71
49 24
48 24
48 74
47 74
47 24
46 24
46 86
45 86
45 24
44 24
44 59
43 59
43 24
42 24
42 92
41 92
41 24
40 24
40 59
39 59
39 24
38 24
38 37
37 37
37 24
36 24
36 89
35 89
35 24
34 24
34 36
33 36
33 24
32 24
32 81
31 81
31 24
30 24
30 32
29 32
29 24
28 24
28 25
27 25
27 23
