100 170 166
159 92
112 92
112 91
158 91
158 90
110 90
110 89
158 89
158 88
149 88
149 87
158 87
158 86
83 86
83 85
158 85
158 84
153 84
153 83
158 83
158 82
149 82
149 81
158 81
158 80
129 80
129 79
158 79
158 78
136 78
136 77
158 77
158 76
79 76
79 75
158 75
158 74
115 74
115 73
158 73
158 72
120 72
120 71
158 71
158 70
85 70
85 69
158 69
158 68
76 68
76 67
158 67
158 66
137 66
137 65
158 65
158 64
77 64
77 63
158 63
158 62
136 62
136 61
158 61
158 60
114 60
114 59
158 59
158 58
98 58
98 57
158 57
158 56
106 56
106 55
158 55
158 54
126 54
126 53
158 53
158 52
113 52
113 51
158 51
158 50
139 50
139 49
158 49
158 48
152 48
152 47
158 47
158 46
78 46
78 45
158 45
158 44
74 44
74 43
159 43
