100 110 39
94 2
94 17
93 17
93 3
92 3
92 12
91 12
91 3
90 3
90 9
89 9
89 3
88 3
88 19
87 19
87 3
86 3
86 15
85 15
85 3
84 3
84 15
83 15
83 3
82 3
82 21
81 21
81 3
80 3
80 11
79 11
79 3
78 3
78 12
77 12
77 3
76 3
76 12
75 12
75 3
74 3
74 18
73 18
73 3
72 3
72 4
71 4
71 3
70 3
70 16
69 16
69 3
68 3
68 5
67 5
67 3
66 3
66 18
65 18
65 3
64 3
64 20
63 20
63 3
62 3
62 10
61 10
61 3
60 3
60 5
59 5
59 3
58 3
58 14
57 14
57 3
56 3
56 19
55 19
55 3
54 3
54 10
53 10
53 3
52 3
52 15
51 15
51 3
50 3
50 14
49 14
49 3
48 3
48 16
47 16
47 3
46 3
46 10
45 10
45 2
