100 150 75
96 12
96 38
95 38
95 13
94 13
94 20
93 20
93 13
92 13
92 19
91 19
91 13
90 13
90 38
89 38
89 13
88 13
88 19
87 19
87 13
86 13
86 17
85 17
85 13
84 13
84 21
83 21
83 13
82 13
82 48
81 48
81 13
80 13
80 24
79 24
79 13
78 13
78 22
77 22
77 13
76 13
76 34
75 34
75 13
74 13
74 37
73 37
73 13
72 13
72 31
71 31
71 13
70 13
70 19
69 19
69 13
68 13
68 22
67 22
67 13
66 13
66 42
65 42
65 13
64 13
64 15
63 15
63 13
62 13
62 35
61 35
61 13
60 13
60 39
59 39
59 13
58 13
58 43
57 43
57 13
56 13
56 27
55 27
55 13
54 13
54 42
53 42
53 13
52 13
52 23
51 23
51 13
50 13
50 24
49 24
49 13
48 13
48 38
47 38
47 12
