100 117 183
73 75
73 156
72 156
72 76
71 76
71 155
70 155
70 76
69 76
69 121
68 121
68 76
67 76
67 137
66 137
66 76
65 76
65 150
64 150
64 76
63 76
63 120
62 120
62 76
61 76
61 113
60 113
60 76
59 76
59 108
58 108
58 76
57 76
57 146
56 146
56 76
55 76
55 118
54 118
54 76
53 76
53 130
52 130
52 76
51 76
51 151
50 151
50 76
49 76
49 117
48 117
48 76
47 76
47 159
46 159
46 76
45 76
45 93
44 93
44 76
43 76
43 136
42 136
42 76
41 76
41 107
40 107
40 76
39 76
39 97
38 97
38 76
37 76
37 92
36 92
36 76
35 76
35 141
34 141
34 76
33 76
33 132
32 132
32 76
31 76
31 84
30 84
30 76
29 76
29 160
28 160
28 76
27 76
27 132
26 132
26 76
25 76
25 145
24 145
24 75
