100 200 200
100 25
100 68
99 68
99 26
98 26
98 60
97 60
97 26
96 26
96 97
95 97
95 26
94 26
94 116
93 116
93 26
92 26
92 43
91 43
91 26
90 26
90 34
89 34
89 26
88 26
88 70
87 70
87 26
86 26
86 79
85 79
85 26
84 26
84 90
83 90
83 26
82 26
82 45
81 45
81 26
80 26
80 42
79 42
79 26
78 26
78 107
77 107
77 26
76 26
76 53
75 53
75 26
74 26
74 114
73 114
73 26
72 26
72 43
71 43
71 26
70 26
70 31
69 31
69 26
68 26
68 75
67 75
67 26
66 26
66 32
65 32
65 26
64 26
64 105
63 105
63 26
62 26
62 49
61 49
61 26
60 26
60 81
59 81
59 26
58 26
58 90
57 90
57 26
56 26
56 125
55 125
55 26
54 26
54 106
53 106
53 26
52 26
52 42
51 42
51 25
