100 57 119
44 76
17 76
17 75
43 75
43 74
24 74
24 73
43 73
43 72
33 72
33 71
43 71
43 70
23 70
23 69
43 69
43 68
18 68
18 67
43 67
43 66
26 66
26 65
43 65
43 64
38 64
38 63
43 63
43 62
25 62
25 61
43 61
43 60
17 60
17 59
43 59
43 58
27 58
27 57
43 57
43 56
37 56
37 55
43 55
43 54
25 54
25 53
43 53
43 52
31 52
31 51
43 51
43 50
41 50
41 49
43 49
43 48
34 48
34 47
43 47
43 46
27 46
27 45
43 45
43 44
41 44
41 43
43 43
43 42
18 42
18 41
43 41
43 40
38 40
38 39
43 39
43 38
37 38
37 37
43 37
43 36
16 36
16 35
43 35
43 34
16 34
16 33
43 33
43 32
38 32
38 31
43 31
43 30
20 30
20 29
43 29
43 28
21 28
21 27
44 27
