88 153 90
81 73
42 73
42 72
80 72
80 71
50 71
50 70
80 70
80 69
37 69
37 68
80 68
80 67
16 67
16 66
80 66
80 65
7 65
7 64
80 64
80 63
53 63
53 62
80 62
80 61
62 61
62 60
80 60
80 59
63 59
63 58
80 58
80 57
65 57
65 56
80 56
80 55
38 55
38 54
80 54
80 53
40 53
40 52
80 52
80 51
67 51
67 50
80 50
80 49
43 49
43 48
80 48
80 47
57 47
57 46
80 46
80 45
30 45
30 44
80 44
80 43
43 43
43 42
80 42
80 41
15 41
15 40
80 40
80 39
27 39
27 38
80 38
80 37
43 37
43 36
80 36
80 35
19 35
19 34
80 34
80 33
38 33
38 32
80 32
80 31
67 31
67 30
81 30
