88 194 90
128 53
46 53
46 52
127 52
127 51
92 51
92 50
127 50
127 49
78 49
78 48
127 48
127 47
107 47
107 46
127 46
127 45
83 45
83 44
127 44
127 43
69 43
69 42
127 42
127 41
40 41
40 40
127 40
127 39
75 39
75 38
127 38
127 37
114 37
114 36
127 36
127 35
89 35
89 34
127 34
127 33
102 33
102 32
127 32
127 31
66 31
66 30
127 30
127 29
35 29
35 28
127 28
127 27
95 27
95 26
127 26
127 25
103 25
103 24
127 24
127 23
108 23
108 22
127 22
127 21
37 21
37 20
127 20
127 19
124 19
124 18
127 18
127 17
48 17
48 16
127 16
127 15
107 15
107 14
127 14
127 13
58 13
58 12
127 12
127 11
63 11
63 10
128 10
