100 185 98
50 57
50 21
51 21
51 56
52 56
52 20
53 20
53 56
54 56
54 34
55 34
55 56
56 56
56 54
57 54
57 56
58 56
58 48
59 48
59 56
60 56
60 26
61 26
61 56
62 56
62 46
63 46
63 56
64 56
64 17
65 17
65 56
66 56
66 13
67 13
67 56
68 56
68 24
69 24
69 56
70 56
70 16
71 16
71 56
72 56
72 13
73 13
73 56
74 56
74 50
75 50
75 56
76 56
76 30
77 30
77 56
78 56
78 55
79 55
79 56
80 56
80 25
81 25
81 56
82 56
82 50
83 50
83 56
84 56
84 42
85 42
85 56
86 56
86 48
87 48
87 56
88 56
88 10
89 10
89 56
90 56
90 29
91 29
91 56
92 56
92 17
93 17
93 56
94 56
94 34
95 34
95 56
96 56
96 9
97 9
97 56
98 56
98 12
99 12
99 57
