20 20
416041 413303 416041 174471
486558 174471 416041 174471
998094 865783 486558 865783
416041 686620 486558 686620
486558 865783 416041 865783
486558 174471 486558 413303
998094 686620 998094 413303
416041 686620 416041 865783
365931 686620 416041 686620
486558 865783 486558 686620
998094 174471 998094 413303
365931 174471 416041 174471
998094 174471 486558 174471
998094 865783 998094 686620
365931 686620 365931 865783
416041 686620 416041 413303
998094 413303 486558 413303
365931 413303 416041 413303
416041 413303 486558 413303
365931 413303 365931 174471
156048 422431
537159 286533
676302 361272
61718 693575
989832 453673
2208 593293
804837 892911
637781 840805
721234 618632
285943 230753
818611 624724
957879 936636
565507 119804
730790 473167
398211 652785
686247 178935
497898 122167
937213 32915
751147 934570
379367 143729