50 93
45 29 33 29
45 29 45 40
31 29 28 29
31 24 31 29
77 24 78 24
28 73 31 73
28 29 28 24
45 24 45 29
78 40 85 40
28 40 28 29
77 73 77 40
28 29 24 29
33 73 33 91
85 73 85 40
85 29 78 29
28 73 24 73
33 29 33 40
31 73 31 91
77 29 77 24
33 24 45 24
24 91 24 73
31 40 33 40
31 91 28 91
77 91 45 91
45 91 33 91
31 24 28 24
28 40 28 73
24 29 24 24
24 40 24 73
85 24 78 24
77 73 77 91
45 73 45 40
33 29 31 29
24 91 28 91
77 40 77 29
78 73 85 73
45 40 77 40
78 40 78 29
78 73 78 40
78 91 85 91
31 73 31 40
78 24 78 29
85 40 85 29
78 40 77 40
31 29 31 40
33 91 31 91
85 91 85 73
28 24 24 24
31 24 33 24
28 91 28 73
14 56
83 15
57 90
27 88
89 46
35 19
55 39
81 59
70 22
35 23
26 51
39 63
7 6
52 12
70 4
88 27
58 96
87 60
23 44
47 13
98 88
94 19
88 15
40 40
56 72
15 25
4 1
84 13
20 27
83 18
79 90
80 34
1 24
16 29
81 38
18 1
70 18
21 11
15 96
55 100
76 19
18 79
29 27
55 72
35 9
60 66
6 99
93 9
55 93
63 17
43 85
98 76
49 53
12 76
100 100
25 52
99 53
68 1
69 24
9 18
30 9
65 78
26 36
75 12
25 6
76 27
92 14
47 83
21 33
50 18
74 64
13 72
76 11
100 29
68 38
79 12
45 96
63 25
97 13
21 56
60 20
93 76
11 35
18 25
29 66
76 17
14 54
80 14
25 97
7 51
12 4
15 46
56 77