100 188
79 27 79 50
43 27 42 27
3 51 3 58
69 50 67 50
66 27 59 27
50 27 48 27
79 50 79 51
20 51 20 50
20 51 36 51
48 51 48 50
59 58 66 58
43 27 43 50
83 50 82 50
10 58 10 51
85 51 85 58
67 51 67 58
7 27 8 27
90 51 90 58
36 27 20 27
59 51 59 50
79 50 82 50
8 50 10 50
85 50 85 51
66 50 66 27
67 27 66 27
79 51 79 58
69 51 67 51
36 27 36 50
7 51 7 50
79 58 82 58
76 50 69 50
90 51 85 51
10 50 10 51
67 51 66 51
10 27 10 50
83 50 83 27
48 58 43 58
36 50 20 50
42 50 42 27
36 58 36 51
20 27 17 27
90 50 85 50
48 58 48 51
83 51 85 51
48 27 48 50
76 51 76 58
76 58 69 58
43 51 48 51
43 51 42 51
82 51 79 51
17 50 17 51
20 51 17 51
17 51 17 58
8 27 10 27
90 27 90 50
10 51 8 51
69 50 69 51
67 50 66 50
59 50 50 50
36 58 20 58
82 27 83 27
20 58 17 58
50 27 50 50
36 27 42 27
8 27 8 50
3 51 7 51
76 51 69 51
42 50 43 50
42 51 42 58
90 58 85 58
66 58 67 58
3 51 3 50
67 27 69 27
48 58 50 58
90 51 90 50
82 50 82 27
17 50 17 27
42 51 42 50
82 50 82 51
7 51 8 51
83 27 85 27
90 27 85 27
59 51 66 51
36 50 42 50
20 27 20 50
36 50 36 51
69 50 69 27
50 50 50 51
79 50 76 50
50 50 48 50
82 27 79 27
17 58 10 58
82 58 83 58
43 51 43 50
59 58 59 51
8 58 10 58
8 51 8 50
48 27 43 27
10 51 17 51
82 51 83 51
23 97
61 24
78 66
52 71
37 60
33 68
98 9
43 70
77 77
92 39
25 42
94 62
100 18
93 49
45 72
23 95
31 78
81 28
38 7
55 20
65 87
7 67
40 5
89 62
77 60
87 36
69 83
91 90
55 59
30 1
59 7
63 60
7 4
54 86
38 9
40 49
57 82
46 7
72 56
47 93
92 33
23 84
25 6
62 5
33 90
92 43
45 65
5 97
65 23
77 22
93 89
88 62
55 40
48 23
41 35
38 28
99 24
5 81
89 53
85 100
38 65
21 39
77 63
91 86
8 85
7 3
58 2
67 93
60 23
59 30
25 72
68 88
68 7
96 90
82 53
58 99
77 23
56 20
49 43
11 5
79 25
51 66
73 36
97 25
59 6
1 48
46 71
38 94
1 35
63 82
31 53
81 86
31 6
44 13
40 79
7 54
55 45
70 98
72 96
70 86
57 87
79 76
10 84
35 73
93 18
28 54
77 58
79 63
47 12
76 8
4 58
8 87
87 56
54 42
41 10
17 75
56 9
97 64
19 97
16 89
41 36
18 89
4 100
45 53
92 62
18 16
44 63
17 98
42 14
50 24
56 28
24 74
83 4
64 97
9 41
86 78
42 66
59 37
37 45
41 80
39 61
85 72
28 18
73 67
5 22
86 98
7 41
62 30
27 47
60 9
73 48
58 70
7 6
92 36
24 43
3 18
99 86
79 73
93 21
38 88
12 8
37 33
95 90
89 63
40 29
30 43
63 38
75 36
37 75
38 77
55 14
11 2
74 49
70 33
24 69
66 66
37 68
51 78
69 52
52 82
39 88
53 38
61 61
30 48
8 78
89 18
89 29
86 45