93 300
673336 576731 656469 576731
924002 576731 924002 336199
865842 919395 924002 919395
256893 883774 156612 883774
601974 115728 486754 115728
601974 336199 486754 336199
617317 115728 601974 115728
865842 232576 865842 115728
924002 576731 865842 576731
617317 232576 601974 232576
617317 576731 656469 576731
156612 232576 156612 336199
617317 336199 601974 336199
156612 336199 156612 576731
673336 576731 865842 576731
617317 919395 617317 883774
924002 883774 865842 883774
256893 336199 156612 336199
617317 232576 617317 115728
617317 336199 656469 336199
673336 115728 656469 115728
656469 336199 656469 232576
865842 232576 673336 232576
617317 336199 617317 576731
617317 919395 601974 919395
601974 919395 486754 919395
601974 115728 601974 232576
865842 883774 673336 883774
673336 883774 673336 576731
617317 883774 601974 883774
486754 576731 486754 336199
601974 232576 601974 336199
486754 919395 256893 919395
256893 232576 486754 232576
601974 576731 601974 336199
156612 919395 156612 883774
617317 883774 617317 576731
256893 883774 486754 883774
256893 883774 256893 576731
673336 919395 656469 919395
924002 232576 924002 115728
673336 336199 656469 336199
924002 883774 924002 576731
617317 576731 601974 576731
256893 576731 156612 576731
486754 232576 601974 232576
656469 576731 656469 336199
656469 232576 656469 115728
673336 336199 673336 232576
673336 232576 656469 232576
617317 232576 617317 336199
865842 883774 865842 919395
601974 883774 601974 576731
256893 115728 256893 232576
156612 115728 256893 115728
617317 115728 656469 115728
924002 883774 924002 919395
486754 115728 486754 232576
656469 232576 617317 232576
865842 336199 673336 336199
256893 232576 156612 232576
673336 115728 673336 232576
156612 919395 256893 919395
865842 576731 865842 336199
601974 576731 486754 576731
486754 883774 486754 919395
256893 576731 486754 576731
601974 883774 601974 919395
673336 336199 673336 576731
256893 919395 256893 883774
256893 232576 256893 336199
617317 919395 656469 919395
486754 115728 256893 115728
865842 919395 673336 919395
617317 883774 656469 883774
486754 883774 486754 576731
656469 883774 656469 576731
865842 232576 924002 232576
656469 883774 656469 919395
673336 115728 865842 115728
486754 232576 486754 336199
156612 232576 156612 115728
924002 232576 924002 336199
865842 883774 865842 576731
256893 576731 256893 336199
865842 115728 924002 115728
486754 883774 601974 883774
673336 919395 673336 883774
673336 883774 656469 883774
865842 336199 865842 232576
486754 336199 256893 336199
156612 883774 156612 576731
924002 336199 865842 336199
723387 279204
68901 335594
417267 51725
716673 928800
401834 145569
513707 259874
967712 444681
796683 522426
377167 988006
88089 591638
758423 991749
43088 77191
346666 151302
334012 318172
580160 965644
116626 386726
163150 257891
514616 877134
648435 744697
446742 926548
710350 480987
164875 972672
797821 871510
589921 30494
993764 98022
238808 663261
766718 245491
994254 118989
859072 798803
108053 496526
206402 270014
848636 84567
595029 595853
23907 698938
747098 215830
296029 465984
553549 328087
424716 413077
585753 426648
986560 17404
891894 526602
201200 384766
793091 396246
169040 145107
434430 603397
514438 262836
943982 237791
753502 132181
781754 399840
374348 670622
202743 447205
762358 237179
102778 891110
548434 795231
350701 173340
965807 285039
316464 663333
277762 327275
156836 410581
281263 790203
645986 245892
124086 767059
58770 891369
91430 876741
328100 930951
760519 558285
538875 258571
426646 215023
129210 761699
37012 428703
388743 478331
22751 375310
747872 697918
827777 874964
454059 411966
970518 520855
146771 844628
204216 242989
702920 881647
530688 489311
37611 640784
663019 677495
654171 53722
847792 173258
195774 413316
699327 857385
22752 537660
193942 635312
368929 890815
282901 246868
161031 584956
327169 713064
678290 357006
478976 988329
435103 335235
927198 610202
477650 499368
652582 67057
54334 675548
136201 97797
987280 582715
120278 518240
119404 77774
271167 623633
101371 100456
143915 33415
168096 283324
255948 760989
745926 139347
403700 397630
654692 306199
704600 969885
749265 853824
712107 612166
727864 139641
890061 70092
306310 333791
568472 777899
124450 423214
789860 624358
757692 501806
924289 541441
325262 577046
586669 379297
459703 810907
788581 858838
211670 688492
887758 947270
714882 969278
144489 157829
747828 614735
334201 279989
930399 603538
768014 227459
252151 126024
131656 923930
129896 636389
381625 418729
686888 569509
143544 60639
188827 71827
389488 135318
896606 306401
251247 973800
292855 51081
322796 860235
335891 485927
893521 303377
102466 569442
412537 74420
842598 624793
915874 42447
475217 288103
954988 623788
626064 628854
850910 572097
970553 392833
500616 762119
641904 915334
785372 745013
381806 397218
864406 408782
695964 980826
198311 219283
203088 446727
475020 374854
463287 741713
985826 700406
766669 388509
466776 349605
519089 743139
948921 605570
932369 672193
508467 957362
149271 943349
822848 346938
569589 48507
789354 414853
592916 528150
761619 701954
912610 354122
244136 192400
127075 31789
598323 924198
596646 961485
58474 798922
476415 693933
255228 372691
63493 357269
883222 446911
119490 915815
133236 243734
150669 400832
191865 426482
93205 79316
191723 168964
278765 834007
177728 389489
837582 605386
629809 307153
607014 510617
110030 582013
751865 367576
52623 269916
976964 985980
249506 102097
65127 374222
312332 615434
69355 431642
168053 148939
281038 349453
706263 301610
160534 770628
223547 580506
12327 677876
138674 567047
297989 293353
199851 408521
309099 802339
646167 866647
910714 880919
82290 978054
213315 773501
829032 174718
487249 180647
435392 360695
413093 470673
129374 989190
931039 475918
351221 463714
123815 99043
258850 564406
345504 712445
775814 323996
119538 406014
790625 338589
891323 910052
757570 193380
970790 731483
753884 595526
904805 693485
249395 321589
89251 603661
815205 96544
750679 995623
340213 681840
637660 595727
649608 867962
853742 794259
345233 791835
354412 178228
682487 180413
203763 340294
427383 317593
909981 235084
428101 593673
867070 194285
152398 212173
70313 582248
193662 318767
528283 963657
596700 919568
986896 289004
418950 719773
319709 18183
746187 218459
510758 819388
324096 791995
830522 583913
61060 332749
838480 789887
437775 88497
961592 833096
27959 595311
454349 446994
813939 274522
424026 410637
296665 155816
67036 887962
527762 693731
932135 651910
835477 148082
194697 656309
41737 383749
640826 131632
475601 514594
275139 889538
346189 909948
841478 289918
897770 913084
628775 631987
103132 247847
433952 224184
792402 268093
567342 666866
476536 471307
561721 10441
552512 333048
767666 542229
60238 416579