200 300
93121 85744 93121 81085
36820 21186 36820 22169
93121 22169 93121 23327
58279 81085 58279 85744
60239 85744 60239 81085
32946 58159 36820 58159
43777 23327 36820 23327
43777 23327 43777 45553
8704 72297 8704 68458
58279 23327 58279 22169
73273 94243 72991 94243
85247 58159 73273 58159
85247 48537 73273 48537
43777 72297 43777 81085
95996 11861 93121 11861
60239 88427 60239 94243
58279 72297 58279 81085
32946 72297 32946 68458
58279 48537 58279 45553
36820 48537 36820 58159
73273 21186 85247 21186
85247 45553 85247 23327
58279 81085 43777 81085
73273 58159 73273 68458
72991 88427 72991 85744
85247 48537 93121 48537
72991 85744 60239 85744
72991 68458 72991 58159
73273 72297 73273 81085
93121 88427 93121 85744
85247 22169 85247 21186
32946 58159 8704 58159
36820 72297 32946 72297
32946 72297 8704 72297
72991 68458 72991 72297
43777 45553 58279 45553
36820 94243 43777 94243
32946 48537 36820 48537
60239 11861 60239 21186
8704 72297 8704 81085
85247 58159 85247 68458
43777 58159 43777 48537
93121 22169 95996 22169
93121 81085 95996 81085
43777 21186 58279 21186
32946 94243 36820 94243
43777 72297 43777 68458
8704 94243 32946 94243
85247 72297 73273 72297
36820 81085 32946 81085
58279 72297 60239 72297
95996 94243 95996 88427
58279 88427 58279 94243
8704 58159 8704 68458
95996 58159 95996 48537
36820 23327 36820 22169
73273 11861 72991 11861
58279 88427 58279 85744
60239 23327 72991 23327
73273 48537 73273 58159
73273 23327 73273 22169
60239 23327 60239 22169
72991 94243 72991 88427
93121 21186 93121 22169
8704 81085 32946 81085
85247 58159 85247 48537
85247 72297 85247 81085
43777 88427 43777 85744
36820 85744 36820 81085
58279 58159 58279 68458
85247 58159 93121 58159
72991 21186 60239 21186
8704 45553 32946 45553
73273 23327 85247 23327
72991 68458 60239 68458
93121 21186 85247 21186
58279 72297 58279 68458
72991 81085 72991 72297
85247 11861 73273 11861
58279 23327 60239 23327
72991 45553 72991 23327
32946 81085 32946 85744
93121 81085 93121 72297
72991 81085 72991 85744
85247 85744 85247 81085
8704 48537 8704 45553
93121 88427 95996 88427
93121 45553 85247 45553
60239 81085 60239 72297
73273 45553 85247 45553
43777 85744 58279 85744
73273 85744 73273 88427
32946 45553 36820 45553
72991 22169 73273 22169
58279 81085 60239 81085
95996 68458 95996 58159
95996 23327 93121 23327
60239 81085 72991 81085
58279 48537 60239 48537
95996 72297 93121 72297
72991 72297 60239 72297
43777 81085 36820 81085
58279 23327 43777 23327
72991 58159 72991 48537
60239 45553 72991 45553
58279 85744 60239 85744
36820 48537 43777 48537
72991 23327 73273 23327
72991 58159 73273 58159
85247 81085 73273 81085
60239 88427 72991 88427
73273 88427 72991 88427
85247 22169 85247 23327
60239 22169 72991 22169
85247 94243 85247 88427
60239 48537 60239 58159
58279 45553 60239 45553
73273 68458 85247 68458
95996 72297 95996 68458
32946 68458 8704 68458
73273 45553 73273 48537
60239 23327 60239 45553
93121 88427 85247 88427
60239 58159 60239 68458
73273 94243 85247 94243
85247 72297 93121 72297
73273 85744 85247 85744
36820 72297 36820 81085
93121 72297 93121 68458
32946 88427 32946 85744
73273 72297 73273 68458
58279 48537 58279 58159
95996 58159 93121 58159
58279 72297 43777 72297
32946 11861 8704 11861
72991 22169 72991 23327
36820 88427 32946 88427
60239 94243 72991 94243
32946 48537 8704 48537
93121 48537 95996 48537
60239 58159 58279 58159
43777 11861 36820 11861
93121 94243 85247 94243
72991 72297 73273 72297
60239 85744 60239 88427
43777 22169 58279 22169
73273 81085 72991 81085
8704 58159 8704 48537
95996 68458 93121 68458
36820 85744 36820 88427
32946 88427 32946 94243
8704 21186 32946 21186
43777 88427 58279 88427
93121 68458 85247 68458
36820 45553 36820 48537
95996 85744 93121 85744
93121 58159 93121 48537
43777 11861 58279 11861
72991 48537 72991 45553
60239 45553 60239 48537
93121 22169 85247 22169
32946 23327 32946 45553
8704 22169 8704 21186
93121 21186 95996 21186
32946 68458 32946 58159
95996 21186 95996 22169
43777 85744 36820 85744
32946 81085 32946 72297
8704 81085 8704 85744
32946 21186 36820 21186
8704 22169 8704 23327
43777 94243 58279 94243
43777 68458 58279 68458
93121 48537 93121 45553
36820 58159 36820 68458
60239 48537 72991 48537
36820 58159 43777 58159
73273 22169 85247 22169
8704 21186 8704 11861
58279 11861 60239 11861
36820 72297 43777 72297
60239 58159 72991 58159
95996 23327 95996 45553
73273 23327 73273 45553
72991 85744 73273 85744
43777 45553 43777 48537
73273 48537 72991 48537
95996 85744 95996 88427
58279 48537 43777 48537
36820 94243 36820 88427
8704 85744 8704 88427
32946 48537 32946 58159
36820 11861 36820 21186
36820 23327 36820 45553
93121 21186 93121 11861
95996 22169 95996 23327
72991 11861 60239 11861
43777 21186 36820 21186
36820 11861 32946 11861
43777 21186 43777 11861
80924 46807
99230 29691
4882 19997
80966 2335
90083 88004
99708 28211
92426 92853
78333 36758
26129 11134
4448 33489
16879 75491
94798 95853
50957 18018
7571 72090
28036 98001
28350 88279
5169 33321
25913 47789
59971 93413
5157 45048
79718 23663
41446 37923
6329 27583
6760 72728
23938 42685
82819 31740
89266 62145
50448 85973
26471 46819
57564 67043
18817 62893
50931 24652
45654 13794
77011 27573
30868 60009
79927 49387
46613 22768
40980 84766
29692 98369
20601 96113
16864 37009
61982 83339
54003 1336
55835 21529
33559 53957
89625 68403
40723 48913
69267 58714
17017 63423
82013 52078
40935 81854
43331 54223
75739 61628
22804 20896
88040 52858
25147 10842
71588 27976
57387 92156
92452 23323
22799 62579
60204 72799
55690 23724
2413 62041
56740 27493
50108 71112
75091 8127
48240 5864
30415 80034
84582 85595
46232 44385
61679 75645
13663 83252
74658 43529
92840 50193
26080 87332
15728 38684
15513 61776
52555 23686
93396 69833
5127 34741
57439 73269
34567 92303
21703 84327
85931 92653
80036 52609
92701 65657
3459 73901
24959 89353
52714 45376
86695 76399
80062 67833
69811 44532
47479 67271
42369 41583
58953 48522
78854 13754
40698 11071
56732 876
46727 14499
11980 72530
42364 30057
59200 24746
88282 72492
26823 72351
54935 22679
980 13163
42781 28433
85488 27261
78545 78890
24489 24070
12707 81782
32931 16852
35593 16432
83406 5348
15543 3569
73640 55668
89639 34267
25961 10936
58836 23472
46522 52042
76461 23862
88585 79435
93023 12692
68124 22602
35748 76414
72247 86563
26128 67984
41284 17086
42245 36935
25564 31271
15022 55365
16890 79473
15645 61394
66674 28593
81616 98413
11279 17411
74947 91955
57254 62325
90204 45780
64672 8454
93222 75892
69674 68804
76545 27091
43846 94156
83693 12241
30405 90804
86714 44481
82211 35020
88515 99310
4957 70132
19486 77446
16721 88375
41769 22166
8681 35888
91137 59964
76270 53346
14246 5183
61299 47267
84350 97835
16250 90695
38391 29850
3235 2761
60677 12546
58242 30284
2259 49133
72894 77713
74933 69223
3441 83037
4200 21750
62707 64750
68803 96856
75380 23290
75171 57529
32117 34748
6001 34872
91491 56522
38519 17229
3721 93206
3039 15317
63998 15234
85951 35185
38431 55812
8608 41396
95752 31648
19431 23216
24378 5352
35967 68670
35916 21705
48674 47760
53689 92826
45735 14273
67436 70967
21321 99824
41832 52647
74431 7980
319 67233
48608 91996
81225 65433
20778 58763
27725 30745
70252 8379
85968 22913
64365 51742
45443 32073
15190 84040
25809 86319
5173 39689
57225 14936
90758 81003
73374 4745
42253 20854
97523 90932
3298 74677
91266 23945
58768 47797
17342 89280
69344 29836
42456 536
91972 16273
98639 28741
70631 63622
54582 64082
62863 59036
81096 62973
34927 68165
50504 13868
6459 20248
49342 84744
85818 88147
53084 62878
39493 74664
52717 102
61330 98544
17227 68088
82331 92501
37325 35359
66532 5223
55559 70107
57040 21364
76015 80429
43033 2795
50450 77273
43120 22919
91207 49096
44246 47482
54268 87733
61901 80410
10547 80715
66253 28842
12126 67799
28930 79091
95212 29397
39276 50688
36902 35437
75155 25108
63753 50880
57969 88305
39226 29771
22 96276
11811 5309
12376 60651
82703 72047
26198 66530
11342 1566
98731 28959
2637 7880
35713 20541
91443 37902
4077 44554
25260 66546
89048 83835
81980 90869
54520 6059
18822 11741
6694 91368
65534 23674
48448 77358
55224 64840
63479 1006
3766 31588
6287 78213
51573 81582
12630 19914
32 84457
24627 26737
56458 83079
90568 67704
41360 22199
92276 55744
96623 44142
91612 87056
98272 91295
33299 81694
33580 40095
84693 90599
75681 23421
81511 71665
10339 2443
98117 60188
15395 15842