300 500
6660 602576 625079 602576
625079 270885 625079 273442
6660 818165 6660 815517
625079 56793 625079 57092
6660 275458 6660 273442
6660 965057 6660 965899
625079 299879 625079 310391
6660 208994 625079 208994
625079 965057 625079 965899
625079 624488 625079 625436
625079 268625 6660 268625
6660 818487 6660 818165
625079 207301 6660 207301
6660 490885 6660 493269
625079 319715 6660 319715
625079 857641 625079 858626
6660 390991 6660 375149
625079 265533 625079 255154
625079 822180 625079 818655
625079 550577 625079 522272
625079 441395 6660 441395
6660 241640 625079 241640
6660 270885 6660 268625
625079 429139 6660 429139
625079 268032 625079 265533
625079 219526 6660 219526
6660 1296 625079 1296
6660 494996 6660 493683
6660 935415 6660 949326
625079 562251 625079 565711
625079 924176 625079 935056
6660 219526 6660 227634
6660 822180 6660 835837
625079 984349 6660 984349
625079 462232 6660 462232
6660 337636 6660 337983
625079 815471 625079 815517
6660 629566 6660 626753
6660 426761 625079 426761
625079 752179 6660 752179
625079 341298 625079 347965
6660 490885 625079 490885
6660 740344 6660 738086
6660 771332 6660 771892
625079 954067 625079 949326
625079 459166 625079 450050
625079 126977 625079 129177
625079 242848 625079 255154
625079 999366 625079 995610
6660 522272 625079 522272
6660 785874 625079 785874
625079 921131 625079 913711
6660 337416 6660 335985
625079 313681 625079 319344
625079 447086 625079 447692
6660 399907 625079 399907
6660 280709 6660 281197
6660 818655 6660 822180
6660 605593 625079 605593
625079 723078 625079 713521
625079 141597 6660 141597
625079 429139 625079 429785
625079 6704 625079 8344
625079 818165 625079 815517
625079 801807 625079 793684
6660 517169 6660 507825
6660 335985 625079 335985
625079 970344 625079 965899
6660 519357 625079 519357
6660 15216 6660 16424
6660 444165 625079 444165
6660 885364 6660 885024
6660 815471 6660 804995
625079 15216 6660 15216
6660 658052 6660 644208
6660 913711 6660 905169
6660 677960 6660 673111
6660 776491 625079 776491
625079 822180 625079 835837
625079 804995 625079 803677
6660 857641 6660 858626
625079 15090 625079 15216
6660 56793 6660 57092
625079 804995 625079 815471
625079 669620 6660 669620
625079 444165 625079 447086
6660 273442 625079 273442
6660 15090 6660 14491
6660 981452 6660 977286
625079 74919 6660 74919
625079 888134 6660 888134
625079 874728 6660 874728
6660 852137 625079 852137
625079 141597 625079 142381
6660 268413 6660 268454
6660 673111 625079 673111
6660 815471 625079 815471
625079 560030 6660 560030
625079 441727 6660 441727
625079 74919 625079 78748
6660 965899 625079 965899
6660 738086 6660 737890
6660 844618 625079 844618
625079 276561 625079 277353
6660 913711 625079 913711
6660 183413 625079 183413
625079 644208 625079 658052
625079 207301 625079 203294
625079 785874 625079 792286
6660 762795 6660 765158
6660 126977 6660 123943
6660 977286 625079 977286
625079 507825 625079 517169
6660 207301 6660 207328
625079 701873 625079 698999
625079 981452 625079 977286
625079 707078 6660 707078
6660 60986 6660 61661
6660 605593 6660 616129
625079 321408 625079 319715
6660 765158 625079 765158
6660 887765 6660 885364
6660 113305 6660 110129
6660 450050 625079 450050
625079 219526 625079 227634
625079 747686 625079 744801
625079 394552 6660 394552
6660 559900 6660 550577
625079 762795 625079 762686
625079 587142 6660 587142
6660 772559 625079 772559
625079 268454 625079 268625
625079 144802 625079 154015
6660 183413 6660 184679
6660 935415 625079 935415
625079 337983 6660 337983
6660 976118 6660 977286
6660 493683 6660 493269
625079 369628 625079 361491
625079 65751 625079 74919
625079 98851 625079 89079
625079 818487 625079 818655
625079 782154 625079 785874
6660 176336 6660 181965
625079 793684 6660 793684
625079 468837 625079 462232
6660 361491 6660 369628
6660 74919 6660 65751
6660 792286 6660 793684
625079 565711 6660 565711
6660 360009 625079 360009
625079 115317 6660 115317
6660 337636 6660 337416
6660 15090 6660 15216
625079 208994 625079 217854
625079 984349 625079 992468
6660 678536 6660 677960
6660 949326 6660 954067
6660 337983 6660 341298
625079 493269 625079 493683
6660 390991 6660 394552
625079 281197 625079 299879
6660 319344 6660 319715
6660 976118 6660 970344
6660 60986 6660 60503
6660 747686 6660 752179
625079 444165 625079 441727
625079 747686 6660 747686
6660 562251 6660 565711
6660 208994 6660 217854
6660 115317 6660 113305
6660 771332 625079 771332
625079 268032 625079 268413
625079 887765 625079 885364
6660 390991 625079 390991
6660 815471 6660 815517
625079 174053 625079 176336
6660 181965 625079 181965
6660 229068 6660 241640
6660 441395 6660 429785
6660 65751 6660 62421
625079 559900 625079 560030
625079 844618 625079 851408
625079 965057 6660 965057
6660 874776 6660 874728
6660 818655 625079 818655
625079 893841 625079 888134
6660 142381 625079 142381
625079 818165 625079 818487
625079 181965 625079 176336
625079 617503 625079 624488
625079 874776 6660 874776
6660 78748 625079 78748
6660 640589 6660 629566
6660 921131 6660 924176
625079 507825 6660 507825
625079 1296 625079 6704
6660 369628 6660 375149
625079 144802 6660 144802
625079 587142 625079 565711
625079 616129 625079 617503
6660 28861 625079 28861
625079 602576 625079 605593
6660 851408 625079 851408
625079 208994 625079 208489
625079 203294 625079 184679
625079 713521 6660 713521
6660 698999 6660 701873
625079 924176 6660 924176
6660 489948 6660 490885
625079 844618 625079 835837
625079 319344 6660 319344
625079 835837 6660 835837
6660 626753 625079 626753
625079 447086 6660 447086
6660 347965 6660 341298
6660 602576 6660 605593
6660 519357 6660 517169
625079 154015 625079 174053
6660 858626 625079 858626
6660 98851 625079 98851
625079 517169 6660 517169
625079 217854 625079 219526
6660 6704 6660 1296
6660 360009 6660 347965
625079 441395 625079 429785
625079 771892 6660 771892
6660 276561 625079 276561
6660 444165 6660 441727
625079 644208 6660 644208
6660 62421 625079 62421
625079 268454 6660 268454
6660 265533 6660 255154
625079 110129 625079 113305
625079 60503 6660 60503
6660 874728 6660 873932
625079 15090 625079 14491
6660 893841 625079 893841
625079 887765 625079 888134
625079 935415 625079 935056
6660 174053 6660 154015
6660 818487 625079 818487
6660 462232 6660 468837
6660 176336 625079 176336
6660 629566 625079 629566
625079 617503 6660 617503
625079 755660 6660 755660
625079 56793 6660 56793
6660 678536 625079 678536
6660 123943 625079 123943
625079 268454 625079 268413
625079 23692 625079 16424
6660 771332 6660 765158
6660 782154 6660 781326
625079 144802 625079 142381
6660 935056 625079 935056
6660 999366 6660 995610
625079 426761 625079 429139
625079 913711 625079 905169
625079 705219 625079 701873
6660 8344 6660 14491
625079 677960 625079 678536
6660 844618 6660 851408
6660 468837 625079 468837
625079 723078 6660 723078
625079 15216 625079 16424
625079 16424 6660 16424
625079 183413 625079 181965
625079 949326 625079 935415
6660 949326 625079 949326
625079 981452 625079 984349
6660 313681 6660 319344
625079 801807 6660 801807
6660 462232 6660 459166
625079 347965 6660 347965
625079 312087 625079 310391
6660 713521 6660 707078
6660 28861 6660 41530
6660 313681 625079 313681
6660 429139 6660 426761
6660 852137 6660 851408
6660 89079 625079 89079
625079 673111 625079 677960
625079 698999 625079 678536
625079 321815 625079 335985
6660 242848 6660 255154
6660 299879 6660 281197
6660 723078 6660 726596
625079 280709 625079 277353
625079 23692 6660 23692
6660 141597 6660 129849
625079 321815 625079 321408
625079 792286 625079 793684
625079 280709 625079 281197
6660 976118 625079 976118
6660 970344 625079 970344
6660 375149 625079 375149
625079 857641 625079 856167
625079 422397 6660 422397
6660 999366 625079 999366
286541 411112
372528 733217
682608 453731
683723 844379
890046 463821
866585 27974
718327 3371
214473 354900
429635 987122
325721 345149
982066 739794
233828 651188
718669 841016
218036 269880
614533 635202
580549 28210
849723 604240
382242 52846
600520 76341
794398 659500
869756 873931
87953 310630
403576 950688
501746 320395
617767 890287
309251 313326
363633 386003
156083 602050
711725 743954
662530 630440
450535 961728
183689 623534
827043 169229
425118 469047
304688 501617
119093 183150
11064 188720
775511 111218
212397 583978
69390 542151
154215 629406
46653 56664
355374 906143
489445 134545
799119 759103
537583 544152
502030 308546
765236 720705
62306 498634
938001 367125
361362 670169
217934 924536
72032 234531
542797 593905
387469 488064
440164 847794
898629 835344
606338 812247
266081 387290
233017 757821
81381 993089
620450 175175
103903 365557
688935 293500
773830 808470
960885 458040
636213 387711
181127 140251
279938 920110
70940 339954
499409 380229
48364 353074
871521 241406
85251 175031
922066 482838
991323 818064
59057 762879
459813 805380
449818 876041
683073 534859
134329 104371
716780 196269
36640 331248
793994 894133
179521 329718
137652 390886
846278 18335
769291 342763
510445 533727
165819 644324
53918 196118
893501 260632
193196 680964
732260 540254
419399 358128
322029 986217
80535 399107
974755 396225
970778 47997
979841 829419
206285 317215
773916 917925
664740 351781
109564 386374
604962 160769
335320 410086
989763 548161
720957 661251
366537 785721
325993 363579
650098 334344
715963 277805
426127 161188
800858 668493
175780 358224
472177 63095
300773 646176
927278 433439
400848 977677
867571 482984
994059 428416
955303 965228
102148 52436
812883 252320
945267 34619
400715 61670
438177 670791
718132 480962
706662 332594
183757 768935
660358 620876
920811 801503
827820 18894
699464 876537
782755 385291
972986 983041
306496 147981
35183 521636
23327 505545
751938 719904
66208 190627
51377 300508
120843 288025
421303 216888
60499 675903
695326 548444
117957 860971
857575 783179
507436 657303
285143 49785
880818 594549
887546 905113
700029 705451
157575 115476
440279 722411
251421 719402
876275 248285
503947 621258
997627 573723
980680 25549
844110 785320
401514 623064
970115 354643
925274 700087
610621 551831
433509 961618
229033 298672
875764 620877
48642 226931
543930 246516
178152 545551
594072 197890
786666 924357
387184 34450
855158 72185
159341 275010
560129 126915
443722 568591
155938 726241
713495 312581
40767 986358
577128 229204
554159 834260
599374 815106
614023 950246
839248 939486
733218 444612
111835 586987
992248 342228
363613 728921
283514 97654
263066 407872
761954 267805
271987 645977
313552 373379
539654 583890
144743 382810
565374 813367
504737 748547
589866 626090
328505 725028
508980 57973
313647 533727
881187 289280
115601 739541
608729 669003
818795 818195
76798 286577
356118 317804
588533 232095
201209 635387
267006 702233
41492 165405
378649 822261
894044 426965
751509 339975
122140 305475
309198 93449
77955 988039
68818 114525
969798 590093
310288 749584
24366 976799
296545 405646
245879 138089
838457 395882
144527 135889
913086 873784
850477 948611
703554 92626
134591 146396
524085 13504
207031 7295
747971 956197
177100 241901
169829 691625
416894 861726
952054 555259
856587 640043
182682 265742
296575 842594
498187 254969
369555 522336
883925 351678
163232 393323
40683 514562
712020 36490
744735 844064
161681 755061
379358 145754
173503 281526
245399 528213
957888 872470
555882 408157
14497 196975
955270 616546
543896 126
443844 431789
671180 711845
88863 593465
559704 99578
661975 835045
119671 917590
606371 784427
372849 731914
26726 817342
43713 993231
189463 294464
938291 713367
615090 702618
338361 179025
253067 460950
339261 886313
56177 492734
687515 484328
485511 329090
671604 466613
9009 192912
446714 383748
504606 230235
265826 166243
636010 834519
952453 221737
917148 998886
686545 641013
379407 947564
935630 575330
285633 94412
436805 995164
534798 918760
396649 149529
7877 504533
609115 265686
332893 813837
967586 321225
398259 294395
52339 301478
51879 634483
387932 236027
533915 727699
637999 609329
276172 315795
407840 787339
157863 369525
593565 689009
969384 332539
764657 844698
454862 662851
462024 911846
272420 437627
976509 1208
665706 909163
507071 61708
985829 146389
443231 607810
843697 856639
964678 348155
238217 380406
660420 620471
449438 217335
702233 809709
124491 652535
518811 132927
774085 23545
360630 67159
770846 224021
567248 713934
632123 522200
930425 330222
704699 269221
682358 967950
194283 161730
469385 499838
768152 427594
874828 842234
575819 990457
649890 165214
253466 519177
482024 701531
57313 657987
124837 206530
367145 195318
325529 548051
607743 474117
578054 549945
732643 543199
203863 424159
585872 117479
876771 296042
474026 670181
851877 18151
557717 207678
221382 446479
887442 810946
257813 394047
519093 255991
969938 150449
89307 622789
60316 708990
257874 533418
865848 135061
278625 937645
603542 468484
263943 612691
954110 27072
182210 818596
148123 606061
142123 795549
249819 700291
370195 344623
380610 918803
54536 129663
586643 341835
957699 823211
801633 627531
349791 682229
959035 525280
474853 77311
822498 766241
45569 928986
88219 685731
548749 777244
59305 796614
314221 552949
564507 757874
251346 293223
572085 207781
816257 564401
263310 714019
59094 740033
130191 13168
918360 599886
785583 780562
574262 430483
654217 20438
389535 362929
807877 653040
868943 317043
982803 741555
192867 413462
351764 815847
173190 564004
66587 157273
246303 816518
324982 962145
952989 643348
632739 734975
295780 730457
839032 278340
671852 276441
180424 236990
325439 510200
704603 230255
222112 790825
731073 709236
717471 658906
764383 217171
320460 211780
845142 145092
320341 67869
139122 613019
886990 259413
97894 708533
423262 167519
801084 915853
748271 387495
896608 411577
51427 780450
323709 102581
826501 758925
924706 420485
520516 359548
422416 297792
882280 184119
176724 305943
998132 947931
57846 798902
574387 450479
716082 905934
653831 109903
926750 516962
660560 443018
280144 918589
372027 339378
104245 814527
993664 689202
644890 419855
92276 628210
133768 964190
976144 232931
219058 475351
686127 882032
812603 665732
159029 333978
909108 456298
501640 642110
414094 531383
323147 819763
345826 337114
973806 384328
110610 363497
395931 115366
468991 323510
414769 872380
407159 309198
631809 202563
747746 380623
724333 855546
963557 515869
107960 729791
580188 563377
124311 116846
131901 426629
884471 300623
841962 208639
658800 796808
89777 324560
816174 535540
349153 221721
834939 655310
853885 360885
402727 715638
660740 785055
282087 873503
155869 786766
867936 122139
255180 599456
166543 967852
228643 495210
834539 267140
390778 697293
792953 864997
626325 147544
712065 595117
307684 286466
730579 264313
926086 199900
683099 141208
346951 479751
557414 946500