241 388
92 73 93 73
85 4 92 4
95 50 93 50
52 40 52 35
27 55 52 55
60 35 60 40
52 32 52 35
61 5 85 5
0 89 0 86
17 73 17 78
27 5 27 11
27 32 52 32
92 73 92 78
60 11 52 11
17 50 17 55
17 11 17 32
60 78 60 73
0 4 0 5
95 55 95 73
17 73 11 73
17 89 11 89
92 32 85 32
0 86 11 86
92 50 92 55
61 5 60 5
11 86 11 78
93 86 93 78
95 55 95 50
61 35 61 32
61 78 61 73
11 50 0 50
93 78 92 78
85 35 92 35
17 55 17 73
52 89 27 89
0 32 0 11
27 40 27 35
61 73 85 73
61 32 60 32
93 55 93 50
85 55 92 55
95 11 95 32
60 73 61 73
27 11 27 32
85 40 61 40
85 86 85 78
93 5 92 5
52 86 52 78
11 35 0 35
60 40 52 40
85 5 85 11
93 55 92 55
85 35 85 40
52 78 60 78
52 50 60 50
92 89 93 89
27 4 52 4
17 89 27 89
95 89 93 89
92 35 93 35
61 78 61 86
85 40 92 40
17 89 17 86
17 5 17 11
95 32 93 32
93 89 93 86
17 5 11 5
93 4 93 5
60 32 60 35
60 11 61 11
52 73 60 73
27 35 17 35
52 5 60 5
95 5 93 5
0 4 11 4
95 78 93 78
93 40 95 40
27 78 27 73
17 35 17 32
11 40 11 35
92 32 93 32
60 86 60 78
61 32 61 11
27 55 17 55
27 35 52 35
92 4 93 4
52 50 52 40
52 4 52 5
85 32 85 11
93 35 95 35
52 55 60 55
11 5 11 4
52 11 27 11
60 4 60 5
27 50 27 55
11 73 11 55
93 32 93 35
95 11 95 5
95 11 93 11
92 78 85 78
0 11 0 5
11 11 17 11
52 32 52 11
11 11 11 32
27 5 17 5
52 86 27 86
61 40 61 35
27 78 27 86
11 11 0 11
60 86 60 89
60 55 60 50
85 35 61 35
92 89 85 89
61 78 85 78
93 40 93 50
52 86 52 89
52 73 27 73
85 86 92 86
0 78 0 73
95 78 95 86
27 50 52 50
95 86 95 89
60 5 60 11
85 35 85 32
27 86 17 86
95 73 95 78
52 40 27 40
52 78 52 73
0 55 0 50
92 5 92 11
93 5 93 11
11 50 17 50
52 55 52 73
61 89 61 86
85 89 85 86
93 86 95 86
85 4 85 5
11 4 17 4
11 35 17 35
92 50 93 50
85 50 92 50
92 40 92 50
17 35 17 40
17 5 17 4
0 86 0 78
85 55 61 55
52 5 52 11
61 73 61 55
27 5 27 4
27 55 27 73
85 5 92 5
85 4 61 4
27 50 17 50
85 73 85 78
92 73 92 55
93 4 95 4
60 50 60 40
85 32 61 32
95 32 95 35
11 32 11 35
0 55 0 73
95 35 95 40
52 35 60 35
11 55 17 55
92 78 92 86
52 32 60 32
17 40 27 40
92 4 92 5
61 50 60 50
92 35 92 32
60 86 52 86
0 35 0 32
17 40 11 40
17 40 17 50
85 86 61 86
60 11 60 32
85 89 61 89
17 73 27 73
95 50 95 40
11 50 11 40
0 55 11 55
85 73 85 55
27 50 27 40
60 89 61 89
61 86 60 86
85 11 61 11
92 89 92 86
92 11 85 11
95 55 93 55
11 32 17 32
61 35 60 35
11 32 0 32
52 50 52 55
27 4 17 4
11 73 0 73
52 5 27 5
85 50 85 55
93 40 93 35
17 86 17 78
60 73 60 55
11 40 0 40
92 73 85 73
61 5 61 11
92 35 92 40
92 86 93 86
61 4 61 5
61 40 61 50
93 32 93 11
92 32 92 11
11 86 17 86
17 11 27 11
27 78 52 78
61 78 60 78
85 50 85 40
85 50 61 50
93 78 93 73
93 40 92 40
27 89 27 86
52 89 60 89
0 5 11 5
11 86 11 89
60 40 61 40
11 50 11 55
11 89 0 89
11 73 11 78
27 35 27 32
60 4 61 4
17 78 11 78
95 73 93 73
95 4 95 5
52 4 60 4
27 78 17 78
11 5 11 11
17 32 27 32
61 50 61 55
0 35 0 40
0 40 0 50
60 55 61 55
93 73 93 55
92 11 93 11
11 78 0 78
37 94
3 38
50 75
39 56
15 16
48 64
22 44
42 58
45 91
74 26
64 91
15 74
16 79
14 19
81 13
28 72
51 25
34 12
55 13
42 63
29 88
91 6
32 75
39 15
94 14
22 82
39 60
34 75
73 37
39 59
100 80
6 75
37 14
74 76
39 51
64 59
39 26
96 6
28 17
36 67
96 88
14 22
19 85
5 72
64 28
15 18
94 76
8 84
3 25
100 89
77 17
74 93
74 100
68 84
28 43
31 71
89 33
62 24
52 94
55 17
87 14
89 44
37 16
1 36
58 18
49 64
76 3
28 1
20 18
12 100
19 29
88 37
6 45
80 79
4 58
78 43
10 99
67 81
73 83
3 20
38 65
91 81
15 31
47 56
39 79
98 37
49 97
3 30
23 34
41 74
77 72
100 66
16 6
88 93
60 96
10 13
74 67
23 47
18 97
50 47
77 63
7 30
67 65
50 82
49 75
56 69
94 98
70 30
44 41
31 58
1 58
8 16
1 61
21 49
54 100
88 90
73 9
84 2
61 96
54 76
1 72
59 51
41 82
77 28
70 41
29 45
3 54
25 34
45 12
57 12
58 53
56 68
1 80
74 21
72 21
98 30
92 1
34 97
35 67
21 48
96 48
21 43
84 87
51 2
72 88
86 18
14 96
1 27
8 17
89 46
96 7
10 76
75 75
75 64
6 69
36 12
21 56
96 25
32 81
84 93
16 90
64 68
26 65
63 100
84 77
96 13
8 56
91 61
26 52
24 19
41 18
13 65
89 16
100 59
75 8
5 85
16 12
70 54
5 17
65 83
36 25
96 57
19 59
51 88
61 90
14 58
68 16
79 87
54 97
45 39
77 60
59 22
8 77
69 26
68 56
38 12
64 90
47 36
9 39
44 21
12 37
98 11
65 14
1 20
75 2
72 58
89 93
67 93
28 85
77 24
80 97
89 96
4 38
86 59
82 96
3 61
28 42
5 30
82 72
83 67
16 26
25 94
30 43
23 99
50 18
65 27
89 97
4 19
15 28
24 70
79 47
37 34
82 83
29 33
51 23
2 66
48 39
19 27
80 27
84 79
84 94
80 60
61 97
65 59
48 76
39 44
12 97
41 99
25 18
99 59
45 29
55 58
18 54
49 76
41 51
28 53
53 48
53 75
84 72
41 65
97 66
72 75
73 95
38 38
69 48
5 39
96 87
50 10
79 16
78 18
67 77
24 74
33 75
66 15
63 54
90 47
13 29
75 56
12 21
21 46
89 15
66 58
8 10
48 63
42 56
40 74
41 10
20 13
98 9
54 44
33 85
15 97
3 15
79 98
42 10
58 42
59 33
71 28
65 54
32 53
51 59
26 44
98 49
40 91
5 37
87 75
68 33
89 76
20 92
9 97
47 47
29 54
43 76
32 38
92 98
97 24
84 90
67 19
71 39
58 37
32 80
48 21
57 30
66 36
39 68
23 22
24 99
66 7
12 39
20 94
47 24
70 67
82 26
68 52
14 98
89 2
78 7
66 54
8 69
1 52
14 49
23 69
69 90
16 46
89 13
88 18
4 71
46 99
79 13
46 84
89 6
43 21
39 14
30 87
70 14
84 54
41 62
23 98
23 56
79 51
40 80
6 81
71 84
86 28
90 76
54 93
12 92
26 69
22 93
36 30
19 30
67 22
43 71
30 63
45 30
55 8
4 43
91 90
90 59
35 13
79 64
63 41
84 71
65 30
82 6
54 60
97 91
76 51