500 500
449781 331917 448329 331917
114454 331917 114589 331917
381360 331917 378611 331917
686248 551264 686248 331917
688935 551264 688935 331917
876259 331917 876259 551264
882357 551264 882357 331917
333891 551264 332477 551264
360687 331917 360332 331917
855963 551264 858437 551264
925081 551264 929263 551264
817749 331917 809190 331917
335907 551264 333891 551264
883597 551264 887638 551264
160548 551264 161152 551264
672266 551264 673481 551264
883597 331917 887638 331917
882357 551264 883597 551264
677207 331917 677207 551264
673481 331917 672266 331917
752093 331917 752093 551264
653603 331917 644464 331917
929263 331917 925081 331917
484361 331917 485952 331917
877574 551264 877574 331917
540160 551264 544222 551264
161152 331917 161152 551264
361339 331917 366996 331917
935757 551264 935757 331917
540160 551264 540160 331917
452530 331917 457705 331917
161152 551264 164799 551264
432679 551264 421889 551264
121247 551264 126598 551264
116527 551264 116527 331917
479229 331917 478655 331917
779716 551264 805950 551264
548228 551264 546133 551264
861665 331917 864622 331917
110038 331917 114454 331917
332477 331917 333891 331917
571168 551264 571347 551264
930235 551264 929263 551264
767603 551264 767603 331917
571168 551264 568470 551264
177227 331917 180233 331917
360687 331917 360687 551264
838533 331917 838533 551264
95942 331917 93047 331917
102575 331917 102575 551264
966356 331917 965460 331917
467997 331917 471473 331917
931383 551264 930235 551264
384352 551264 381360 551264
114454 551264 114589 551264
805950 551264 809190 551264
882357 331917 883597 331917
809190 551264 817749 551264
644464 331917 638443 331917
342631 331917 337147 331917
35263 331917 35263 551264
342631 551264 342631 331917
869279 551264 870272 551264
935757 331917 931383 331917
354912 551264 350664 551264
877574 551264 882357 551264
987129 331917 987129 551264
674563 331917 674563 551264
778733 551264 778733 331917
533788 551264 528962 551264
276879 331917 276879 551264
534656 331917 540160 331917
889125 331917 889125 551264
9977 331917 9977 551264
673481 331917 673481 551264
653603 551264 654381 551264
376587 551264 378611 551264
615999 551264 615999 331917
300541 331917 298223 331917
849467 551264 849467 331917
99550 551264 99550 331917
779716 331917 778733 331917
452530 551264 452354 551264
126598 331917 135119 331917
15086 551264 15291 551264
494723 331917 488133 331917
644464 331917 644464 551264
740296 331917 740296 551264
478655 331917 478655 551264
144611 551264 144611 331917
987129 551264 982413 551264
746142 331917 746142 551264
778733 551264 779716 551264
864622 331917 864935 331917
584535 331917 582552 331917
671575 551264 671575 331917
360687 551264 360945 551264
432679 331917 433198 331917
177227 331917 164799 331917
522110 331917 522110 551264
946548 551264 935757 551264
182435 331917 191878 331917
25064 331917 25064 551264
406590 551264 405192 551264
551387 551264 551387 331917
551723 331917 557871 331917
406590 331917 405192 331917
995635 331917 987611 331917
452354 331917 452530 331917
568470 331917 571168 331917
494723 331917 494723 551264
977520 551264 981558 551264
384352 551264 390633 551264
638443 551264 638443 331917
551387 551264 551063 551264
546133 551264 544222 551264
41591 551264 37562 551264
276879 331917 270938 331917
14358 331917 14358 551264
342631 331917 350664 331917
467997 331917 461325 331917
764899 551264 767603 551264
582552 551264 579373 551264
672266 331917 672233 331917
177227 551264 164799 551264
298223 331917 296522 331917
394391 331917 392363 331917
965460 331917 965460 551264
946548 551264 965017 551264
15086 331917 15291 331917
158009 551264 158009 331917
764373 551264 764899 551264
449781 551264 452354 551264
571168 331917 571168 551264
325652 331917 325652 551264
746142 331917 740296 331917
361244 331917 360945 331917
821097 331917 824839 331917
757715 551264 752093 551264
116527 551264 114589 551264
977357 551264 977357 331917
750985 331917 750985 551264
37444 551264 37444 331917
135685 331917 139135 331917
837155 331917 837155 551264
571347 331917 571347 551264
977357 331917 975673 331917
809190 331917 805950 331917
392363 331917 392363 551264
839055 331917 844036 331917
872791 331917 872791 551264
14358 331917 9977 331917
910133 331917 911411 331917
969486 331917 969486 551264
837155 331917 838533 331917
931383 551264 935757 551264
699381 331917 702983 331917
14358 551264 15086 551264
834177 551264 834177 331917
750985 331917 751393 331917
688935 551264 697804 551264
605177 551264 605177 331917
666388 551264 666388 331917
1935 551264 1210 551264
587591 331917 584535 331917
337147 331917 335907 331917
887638 331917 889125 331917
834177 551264 824839 551264
161152 331917 160548 331917
222299 331917 221051 331917
84660 551264 77702 551264
876259 551264 877574 551264
69198 331917 72710 331917
671575 331917 671253 331917
381360 331917 384352 331917
446468 551264 442125 551264
757715 331917 757715 551264
869279 551264 864935 551264
671575 551264 671253 551264
449781 331917 452354 331917
139135 331917 144611 331917
285766 331917 283846 331917
965017 331917 965428 331917
311545 551264 308328 551264
441755 331917 439200 331917
448329 331917 448329 551264
551063 331917 551387 331917
311545 551264 317366 551264
361339 551264 366996 551264
433198 551264 435588 551264
584535 551264 582552 551264
290728 331917 285766 331917
805950 551264 805950 331917
411435 551264 406590 551264
135119 551264 135685 551264
838533 551264 838773 551264
987129 331917 982413 331917
308328 551264 308328 331917
449781 551264 448329 551264
889125 551264 903889 551264
328887 331917 328887 551264
411435 331917 411435 551264
404340 331917 404340 551264
442125 331917 441755 331917
699381 551264 697804 551264
575751 551264 575751 331917
406590 331917 406590 551264
446468 551264 448329 551264
395154 331917 394391 331917
711056 551264 711056 331917
270938 331917 263645 331917
95942 331917 95942 551264
420382 551264 411840 551264
771443 551264 771443 331917
300541 551264 298223 551264
121247 331917 126598 331917
308328 331917 311545 331917
121247 331917 121247 551264
432679 331917 421889 331917
121247 551264 116527 551264
324796 551264 324796 331917
636509 331917 638443 331917
995635 551264 995635 331917
69198 551264 65985 551264
222299 331917 222299 551264
577507 331917 579373 331917
864622 551264 861665 551264
683461 331917 677207 331917
354912 331917 358424 331917
929263 551264 929263 331917
461325 331917 461325 551264
872791 331917 872309 331917
752093 331917 751393 331917
360687 551264 360332 551264
35263 551264 37444 551264
764899 331917 764373 331917
632797 551264 615999 551264
479229 551264 479229 331917
446468 331917 448329 331917
14358 331917 15086 331917
838904 331917 839055 331917
855963 331917 849467 331917
533788 331917 528962 331917
551063 331917 551063 551264
877574 331917 876259 331917
558429 331917 558429 551264
911411 551264 910133 551264
855963 551264 849467 551264
335907 331917 333891 331917
870272 331917 870272 551264
817749 551264 821097 551264
285766 551264 283846 551264
551063 331917 548228 331917
317366 551264 321921 551264
654381 551264 664248 551264
736980 331917 711056 331917
139135 551264 139135 331917
579373 331917 582552 331917
55124 331917 65985 331917
250936 551264 222299 551264
688935 331917 686248 331917
855963 551264 855963 331917
605177 551264 608008 551264
872309 551264 870272 551264
114589 331917 116527 331917
102530 331917 102530 551264
290728 551264 296522 551264
321921 331917 323172 331917
824839 551264 824839 331917
15086 551264 15086 331917
194597 551264 191878 551264
889125 551264 887638 551264
479229 331917 479895 331917
751393 551264 752093 551264
404340 551264 405192 551264
966356 551264 965460 551264
361244 551264 361244 331917
411840 331917 411840 551264
484361 331917 479895 331917
467997 331917 467997 551264
114454 331917 114454 551264
821097 331917 821097 551264
632797 551264 636509 551264
571560 331917 571347 331917
540160 551264 534656 551264
987611 551264 995635 551264
325652 331917 324796 331917
358424 331917 358424 551264
664361 551264 664361 331917
587591 331917 592596 331917
405192 551264 405192 331917
474949 551264 474949 331917
433198 551264 432679 551264
24513 331917 24513 551264
903889 331917 903889 551264
764373 331917 757715 331917
263645 331917 258105 331917
671253 551264 670134 551264
946548 331917 946548 551264
551723 331917 551387 331917
654381 331917 664248 331917
571560 551264 572972 551264
702983 551264 702983 331917
180233 551264 180233 331917
861665 551264 858437 551264
740296 551264 736980 551264
270938 331917 270938 551264
283846 331917 283846 551264
303300 331917 300541 331917
373223 331917 373223 551264
654381 331917 654381 551264
981558 331917 982413 331917
153164 551264 152326 551264
931383 551264 931383 331917
935757 331917 946548 331917
358424 331917 360332 331917
1935 331917 1210 331917
977520 331917 977357 331917
471473 551264 474949 551264
632797 331917 636509 331917
350664 551264 350664 331917
89893 551264 93047 551264
496323 551264 506384 551264
834177 551264 835365 551264
102572 551264 102575 551264
182435 551264 182435 331917
838904 551264 838904 331917
965460 331917 965428 331917
653603 551264 644464 551264
474949 331917 478655 331917
442125 331917 446468 331917
572972 551264 572972 331917
69198 551264 69198 331917
577507 551264 575751 551264
805950 331917 779716 331917
471473 331917 474949 331917
666388 551264 664361 551264
390633 331917 392363 331917
149817 331917 149817 551264
95942 551264 99550 551264
161152 331917 164799 331917
672233 331917 672233 551264
610518 551264 610518 331917
664248 331917 664361 331917
751393 551264 750985 551264
384352 331917 384352 551264
283846 331917 276879 331917
544222 551264 544222 331917
664361 551264 664248 551264
177227 551264 177227 331917
258105 551264 250936 551264
969486 331917 975673 331917
709280 331917 711056 331917
433198 331917 435588 331917
485952 551264 488133 551264
135119 551264 126598 551264
592596 331917 598706 331917
746619 551264 750985 551264
135685 551264 139135 551264
975673 551264 977357 551264
95942 551264 93047 551264
839055 331917 839055 551264
977520 331917 977520 551264
965017 551264 965017 331917
361339 551264 361244 551264
838533 331917 838773 331917
746619 551264 746142 551264
37444 331917 35263 331917
65985 551264 55124 551264
196337 331917 196337 551264
84660 331917 77702 331917
452354 331917 452354 551264
677207 551264 683461 551264
395154 551264 395154 331917
771443 331917 767603 331917
746619 331917 746619 551264
671253 551264 671253 331917
102572 331917 102572 551264
551723 551264 557871 551264
771443 551264 778733 551264
1935 551264 1935 331917
844036 331917 844036 551264
144611 551264 149817 551264
686248 551264 683898 551264
324796 551264 323172 551264
929263 331917 930235 331917
587591 551264 587591 331917
883597 551264 883597 331917
160548 551264 160548 331917
484361 331917 484361 551264
198104 551264 198104 331917
394391 551264 392363 551264
911411 331917 911411 551264
887638 551264 887638 331917
746619 331917 746142 331917
222299 551264 221051 551264
390633 551264 390633 331917
421889 331917 421889 551264
965017 551264 965428 551264
24513 331917 23391 331917
144611 331917 149817 331917
354912 331917 350664 331917
858437 331917 855963 331917
838904 331917 838773 331917
191878 551264 182435 551264
767603 551264 771443 551264
298223 331917 298223 551264
354912 551264 354912 331917
479895 551264 484361 551264
869279 331917 864935 331917
551723 551264 551723 331917
126598 331917 126598 551264
258105 331917 258105 551264
221051 331917 221051 551264
672266 551264 672266 331917
360945 331917 360945 551264
975673 551264 975673 331917
9977 331917 1935 331917
910133 331917 910133 551264
977357 551264 977520 551264
332477 331917 332477 551264
709280 551264 702983 551264
548228 551264 548228 331917
605177 331917 598706 331917
568470 331917 568470 551264
433198 331917 433198 551264
276879 551264 283846 551264
270938 551264 276879 551264
321921 551264 321921 331917
89893 551264 84660 551264
764899 331917 764899 551264
839055 551264 844036 551264
69198 331917 65985 331917
337147 331917 337147 551264
981558 331917 981558 551264
135119 331917 135685 331917
290728 331917 290728 551264
494723 551264 496323 551264
911411 551264 925081 551264
872309 331917 870272 331917
533788 331917 533788 551264
575751 331917 577507 331917
540160 331917 544222 331917
858437 551264 858437 331917
835365 331917 834177 331917
1210 331917 1210 551264
584535 551264 584535 331917
564108 551264 568470 551264
72710 551264 77702 551264
24513 551264 25064 551264
323172 331917 324796 331917
506384 331917 496323 331917
683461 551264 683898 551264
524489 551264 528962 551264
358424 551264 354912 551264
325652 551264 328887 551264
488133 551264 494723 551264
524489 551264 524489 331917
558429 551264 557871 551264
55124 551264 55124 331917
610518 551264 608008 551264
114454 551264 110038 551264
452530 551264 452530 331917
153164 551264 153164 331917
546133 331917 544222 331917
102575 551264 110038 551264
335907 551264 337147 551264
564108 331917 568470 331917
864622 551264 864622 331917
411840 331917 411435 331917
160548 551264 158009 551264
360945 551264 361244 551264
328887 331917 332477 331917
925081 331917 925081 551264
471473 551264 471473 331917
378611 551264 378611 331917
411840 331917 420382 331917
903889 331917 910133 331917
102575 331917 110038 331917
442125 551264 441755 551264
89893 331917 89893 551264
37562 551264 37444 551264
404340 331917 395154 331917
670134 551264 670134 331917
439200 551264 441755 551264
296522 331917 296522 551264
837155 551264 838533 551264
350664 551264 342631 551264
844036 331917 849467 331917
102572 551264 102530 551264
366996 331917 373223 331917
571560 331917 572972 331917
767603 331917 764899 331917
300541 551264 300541 331917
25064 331917 35263 331917
610518 551264 615999 551264
670134 331917 671253 331917
77702 331917 72710 331917
296522 551264 298223 551264
546133 331917 546133 551264
621452 672661
764018 542360
118441 191092
685603 283945
739624 511714
249239 793829
200931 973202
825358 819827
828479 327199
116645 179814
866330 633684
562886 429644
522482 104859
415549 78706
257414 194712
296212 406412
196845 466494
381296 955446
667141 136916
936826 80365
50002 817591
280471 525904
943543 85277
285563 646984
436157 810284
760357 2977
459003 774439
171441 287218
327198 566156
219582 779112
229103 108290
297443 448416
808686 995868
591098 482878
947415 375916
849941 27587
995271 696474
48311 664735
978973 790230
302361 769096
592635 128097
253855 423747
254699 17309
635285 519578
426339 451857
563511 397532
33273 793947
702415 753126
859242 569624
671948 980772
741697 866472
353254 122405
871983 329953
155500 560248
721816 15372
364635 672897
907570 687532
512504 241876
421166 447505
96251 35531
134148 873797
201876 669285
835362 409681
563247 40165
284270 631309
162392 654394
275612 582519
553504 594763
857447 725214
50121 470699
213088 283640
340207 923452
467498 820790
478526 50598
780277 749039
616640 562936
26009 736121
134763 634788
949934 3519
230374 480588
176636 880959
32526 152431
154961 959872
933175 738272
677920 449915
268021 125903
306268 150593
642026 795794
304671 161645
295200 960834
39798 64037
459050 94197
41798 503033
641444 484481
256650 147188
119829 834632
262334 250848
562154 331936
199303 800064
597081 853928
446931 565342
448807 295527
906964 963049
383504 856018
145392 65984
859817 428796
387303 419904
339275 302430
2839 440590
736124 865076
340048 663983
514024 116010
130684 660704
867076 903141
679844 888930
473447 932332
383653 850728
905398 896225
948907 562050
289331 789094
278062 333110
303828 191033
512124 690751
833830 347517
281161 121784
881052 32952
555949 772924
692398 792805
243346 687861
319493 144430
402854 760275
367243 299608
890430 54122
28896 762091
752878 955604
146009 607196
972626 609807
589164 469635
641808 479976
441789 670617
388365 717408
432002 540688
765930 121499
652561 911058
496722 98655
428995 199608
329379 449278
327931 450335
186035 686466
327020 821043
953012 901833
325147 558060
966691 131
141766 652492
977602 292387
483162 900274
805619 407537
504570 55495
473589 448094
536441 137934
622448 546157
483552 382790
845989 905807
486786 419566
481560 205256
122870 545626
545211 549073
61242 872431
80085 511718
447739 804710
834403 635180
811044 657856
639594 893263
726378 833217
39459 873422
770182 436804
89974 251311
885940 69788
656530 407209
722043 705480
84377 878934
857368 523805
353174 17264
674714 28321
447892 511252
720510 893685
159703 184149
649039 814882
897979 520496
646857 320796
603064 905029
750739 352158
354515 982751
62745 450340
731217 810248
564500 497557
734008 310593
60236 506052
901006 655871
449760 701831
354960 486636
192175 212432
661224 314156
215199 741301
490688 83620
871247 666984
699504 44639
851411 275021
221292 354017
662757 695160
330887 431214
51421 953710
806880 290982
703602 353652
142811 691307
649484 96875
234108 777789
440630 806730
499207 154217
519189 440583
745325 81082
915098 561019
493 150178
479921 254566
797911 900512
826715 876065
195654 308050
25660 953642
250610 893203
493160 460513
332139 595576
653315 892668
391672 79134
284922 376496
989639 728996
388140 174343
581304 301344
503274 257447
10111 615758
20800 327607
184809 679143
625809 79518
192298 462635
553035 67951
639997 980498
492227 856678
141149 817328
942190 747269
492508 444795
70955 942081
827864 530552
944042 995932
523019 704254
495275 991822
389646 263014
666079 633338
203200 469933
248808 704046
612118 960274
844230 959260
418597 654560
709145 745605
76428 509730
669243 409109
494226 279656
390994 491456
109828 125883
928084 441199
982474 292013
198242 629254
525879 703416
276693 41761
423343 971066
588929 788108
408383 17319
24120 822401
252030 624717
95021 846408
94370 583198
944858 757509
567922 603656
382934 76728
552060 317384
432200 482647
315857 959049
600917 194918
994559 424147
670355 243046
291654 351998
307534 947314
783370 997021
62376 539367
426727 661407
531496 325183
377118 748685
104914 367826
771278 948241
441944 412529
282099 634512
456027 562564
171043 794006
395749 181546
131739 899312
171645 760708
939749 592798
154757 782785
977907 607277
401346 921202
338049 223743
776475 10854
941373 515711
775045 364702
90086 515115
308741 633210
370457 591164
128920 568052
68128 884096
124035 745824
301548 196826
696424 759245
682387 116635
391411 66629
988231 927590
533601 542824
730776 332608
437311 617710
16158 144497
277725 20191
658914 897947
576911 643491
915181 164365
182424 297043
399547 957891
954446 314802
747833 938850
899705 196445
577656 130486
823439 609145
402297 543650
594120 359800
866097 833052
839248 506493
747193 717398
788254 109418
271242 455375
468346 527613
14606 541629
539563 664658
502045 341215
345036 550349
411757 98908
407451 407909
330299 650137
35724 912775
252361 135314
566 49613
965044 445492
81007 967845
895225 557540
263702 878824
144273 941724
804666 747268
506192 696593
355146 93807
856197 603700
226006 55768
322714 570889
755790 300356
525715 262508
131958 291679
842526 681437
321638 563752
671492 115689
662594 94202
701834 651670
448790 62710
709465 846033
317037 240939
779321 123048
672167 285884
812268 200825
298080 837028
36502 206372
766452 179724
530039 939964
967418 530924
557036 84259
907732 353381
4656 13804
299547 42536
559503 930963
645868 476990
789460 418602
516114 945315
530348 844471
74644 682483
98548 688963
881653 775485
399221 611606
912801 776959
494571 918120
648115 974064
873334 449097
913619 965354
944658 134383
860798 753644
167143 477990
869882 768588
960961 552370
749306 563084
658423 814442
43515 861515
840904 19120
161160 887873
919145 169556
731826 687385
612500 627813
911537 510181
154480 741670
920773 325806
596152 785909
608532 458655
65662 385729
159437 889209
535655 569560
874717 826768
73565 395772
603115 703115
666705 767149
266000 318914
371458 969621
341362 595246
16441 654566
333794 915286
437021 895537
832630 304651
790862 44705
126029 529204
381847 765767
460479 320461
307047 508421
478545 110592
684451 525017
945762 117313
620512 432630
252894 446647
150117 816088
403785 213868
707003 452317
772291 487360
57655 57186
339793 24193
272916 728620
133981 339551
14762 805879
607006 923120
893193 77007
519775 421300
923130 760104
481338 873787
460393 634454
802369 288859
556201 562799
365867 879941
147218 682052
846960 948821
872801 695735
791644 66077
484735 405311
227707 588442
981336 220751
869524 23790
292277 162166
229649 629082
221920 830403
708917 409822
391012 973743
193364 715581
566656 103899
826326 374804
149015 667668
333618 678845
16720 23954
905360 294044
586445 154189
518405 648348
972310 854877
458708 884890
818523 174252
3264 717374
833230 714790
579110 987120
867986 275111
649278 771800
764359 699806
148216 430419
268368 509306
110995 710336
416592 74673
151517 958820