1000
890865
167975
380015
738650
658218
216211
623397
756395
544340
616169
336731
326241
895806
985699
988177
265373
364981
211117
555235
13128
1859
777351
651944
704743
864576
577815
721323
384745
237384
16314
292185
483377
667896
147913
845512
834956
674199
735014
222915
540592
563648
46812
623278
284207
332958
241729
557635
164268
344110
488503
548739
49558
417012
375101
250834
553580
326920
501986
964147
340898
100132
85307
594857
511448
751578
141054
958948
294423
699652
88008
40258
277774
188503
387168
155919
357532
877330
703488
692285
973383
934134
940002
659441
818118
436760
990494
102162
137720
722470
244431
871885
552803
167546
171259
863446
371880
646673
904809
924375
349893
936142
666359
232353
502371
163503
554176
524233
60278
12991
770323
800669
997842
133485
909202
122080
72944
963963
90615
367672
465225
904747
488745
43543
277408
788525
46057
507660
820819
871023
824673
350139
830668
149
785247
904641
22240
946927
688681
201409
184266
618075
853489
591252
415697
736037
19632
684013
73455
889383
184690
721020
126862
125410
996733
592286
838687
128805
189893
939430
443805
580522
29818
109203
953281
877203
832271
898249
962769
135977
134431
988372
675186
763388
89223
215395
740629
884910
905644
63250
332144
407731
33617
677643
164341
12240
997737
890599
987680
329790
952778
224683
752547
735985
257641
870756
124396
806477
645458
358352
132079
913059
127197
753684
570010
692270
916275
532602
633236
35643
839151
960490
695734
455632
53459
764346
741397
317283
135906
206300
473752
175555
878410
183440
110238
198674
596238
729535
185432
915510
40478
426047
559787
8828
605307
531158
212275
686194
915859
515096
872535
887406
179
888148
439183
71466
201953
521501
143554
261996
18295
736704
107467
159287
49457
688569
436140
777413
902591
595985
711771
376821
680723
886203
968642
261484
433586
599077
142603
975087
31708
864242
64612
662873
34176
462334
283920
759359
185766
173831
844381
734741
18686
729255
406732
115671
401880
664747
841336
842027
781839
124241
193502
240176
564912
910473
145694
508705
323979
508769
484452
896411
682549
857908
565376
380175
175459
313008
401649
454031
680833
803341
995166
364442
235075
41195
823816
264648
400604
596508
222103
382774
471646
453838
17015
279527
674397
407826
231367
440256
131171
123958
878787
904438
624898
435382
740574
279257
790981
862855
701892
988176
970638
823589
48420
516039
555851
282539
326300
877905
482827
174483
201190
826190
728119
383972
558809
410769
218788
161323
659264
602606
816666
529051
340033
947513
666606
902283
619568
493036
474846
792948
158525
255785
292205
543983
829148
259959
814996
273223
83428
598809
708673
471349
298598
868023
902569
496539
634638
342374
813872
462015
92044
726706
212366
580862
869703
65766
223836
749624
758799
876575
424579
126160
536956
601177
257732
424363
483586
389442
471000
236334
718862
800626
9891
327562
262091
988758
13960
743163
919709
198146
216396
609081
952209
490673
764777
486411
668401
312875
158605
873308
826005
428792
26319
980154
294559
675009
371907
55994
437512
196029
854104
929181
777185
903786
368831
986435
58695
602684
146016
192845
383544
886992
537459
795074
564209
76801
685833
833022
611897
145525
696687
847271
873195
852273
243814
849970
741534
570325
545933
629092
27346
53482
581258
217451
12844
717013
141479
478792
304526
109748
77788
217882
388932
944752
455936
685313
110516
698892
535833
306079
809980
446692
801950
504656
286322
304025
116274
101601
594272
537391
998671
522810
163445
710194
869881
61430
159099
800544
487184
678116
107786
179389
986525
867511
69651
475780
110799
317006
293083
291962
572302
430417
318843
232569
828607
878576
289116
877847
115372
536453
160018
319094
681161
487218
597381
753599
450009
149053
515256
97213
970161
190055
369673
425371
273066
281168
279031
75353
452203
985732
47700
230463
3838
81832
595443
26462
971201
768546
659543
889596
900047
828609
198862
64548
518003
139413
642880
986478
238895
806057
288708
597276
921266
230679
422019
105112
181188
110075
942426
614488
989148
796601
341918
5524
104521
574249
583227
380333
869344
790703
708163
917683
85385
466385
170655
595403
118328
471703
8227
665790
622224
908212
155528
54586
933746
684906
631873
529188
772292
288195
975962
14314
715117
290740
51782
543199
115955
29911
309094
708748
541165
53898
713038
758863
739145
631980
52003
476443
35890
697812
681729
315717
616275
545106
134437
356181
997051
944625
732947
20205
31177
662921
83886
263855
868912
20992
467169
439111
863163
415630
477250
471563
950132
894823
854496
125553
473821
755982
701136
674826
929371
924246
150354
953383
722341
61172
389794
271573
485003
696821
206510
72444
783732
923705
334248
326369
463744
117256
323775
694612
633039
671722
942585
192462
882883
424554
802625
887490
820219
440943
571603
973961
156043
119297
578792
22076
720141
707602
62393
817249
265076
648659
480809
563480
150496
280269
343790
595357
704618
962123
7493
478357
839934
426841
602717
351696
448546
158249
953689
932704
894354
859093
938400
823554
221303
787145
331318
910178
999491
663015
316417
899329
319017
496694
977128
230
186794
219768
1432
987592
687660
168268
823474
547320
96249
957975
241416
152334
905338
285809
521314
641233
31616
673892
802052
481295
563926
504633
553111
81507
869272
594485
137664
530591
46313
744725
822345
129197
355869
928913
58207
350227
80773
757827
987479
377739
197622
518253
946890
776902
692977
796253
528390
230429
548838
416495
766335
654760
966604
894451
773296
212617
769430
737952
236150
953049
74619
864731
517465
755239
935877
655617
406188
385964
270012
497839
503943
488414
828
536637
890023
9892
930621
93132
901873
194941
669870
852776
843715
933751
670177
297126
353189
779229
233124
761449
186714
452570
899966
761804
263371
353583
890569
994681
954740
584276
266882
504152
587006
290153
198928
943275
12384
476976
803989
106123
718814
626088
47435
516407
863761
101755
389039
417603
587090
52016
396354
542450
723186
717161
589682
253600
505684
463583
173404
702830
975557
974696
662288
935114
728470
547802
387755
273762
979964
144157
971408
957582
212003
352345
562331
753751
917547
606530
312906
388578
741639
133390
28343
555179
792207
595813
13393
491699
129569
979300
412766
944981
129363
205716
674651
948466
410891
344730
907219
768952
962960
257594
361503
118177
805593
420091
468880
149442
414038
675454
8317
713031
506695
241705
977944
639701
348142
15902
485940
951403
78303
539099
30932
625212
248338
822382
477323
740548
965209
511735
439991
496798
256242
716998
355710
652497
626840
213790
471102
679756
427522
797597
981979
517455
914698
123479
957611
332104
335359
180411
474621
174934
115535
851555
472220
909577
569915
599550
20521
924016
171147
382601
98916
551355
294775
696346
683932
502351
832005
880891
342531
57528
287048
620544
680342
37822
298813
290049
572487
992339
9295
612918
631470
254416
120808
889614
796215
998449
69491
326913
866953
956865
624702
