1000
428689
441355
574823
681001
921979
107739
21158
344257
797642
713447
595047
125522
341081
279396
876467
763470
759211
742798
874351
409418
132144
282172
629339
304357
952027
109319
533197
197054
724438
343153
37526
726281
431104
400810
399904
599095
108940
260254
316739
102747
77416
395259
343973
411784
191891
210275
491991
233064
477495
680869
61243
271749
282492
476486
948446
423025
808536
946495
243344
806147
361473
896267
170073
451746
288153
221998
917389
960538
569891
118570
631442
37755
235647
417821
897600
576875
17936
481346
462710
935616
47345
48422
595922
465916
383188
211794
457994
946767
468198
919851
32725
992269
431589
333131
690217
723523
334174
17124
913568
763090
962175
448358
963402
186985
301652
667986
334722
13335
904400
324899
699100
669706
623326
380686
765460
19658
686272
877854
738767
940174
262126
689746
174551
6253
229518
353152
809866
496603
41333
138987
858520
805761
12185
900277
85421
17101
150815
661230
169588
642629
383662
538671
957222
378933
471045
965501
529905
909537
14927
394177
885066
572588
478215
821412
942697
212883
787465
849626
631450
625015
267282
435658
771455
824392
321172
337516
806231
639189
422279
344108
777369
425678
436063
870604
215462
843745
985334
132497
848011
555743
203934
609856
351525
832179
631557
368528
965884
598237
960550
248102
870586
37171
806565
80099
435228
102779
770411
444870
137022
846474
680633
276756
399156
469625
439945
221532
926315
92293
26463
888797
436893
291122
910974
324651
571414
184268
824317
243736
410771
493752
744512
999834
708222
231776
83337
775934
128916
603790
311420
132700
887835
635591
629837
594560
916613
692466
545689
641281
644802
262791
363403
939681
172803
424553
222165
288488
818429
344775
413024
619947
627712
511883
897615
5480
85284
903897
783675
125749
699448
989750
906348
999054
779550
483461
667684
607782
23276
581394
979730
957384
268976
356002
909862
461192
828501
670201
480920
901119
104020
96358
176091
663870
861101
379532
10270
491603
842095
780005
752830
6325
168460
979395
277168
191192
855601
162177
907912
101343
126295
558909
697873
746189
809481
864148
985681
120374
779319
814299
70309
434628
656773
689423
156620
336214
222774
764447
841837
593474
150252
939635
2160
229584
790213
39457
820332
12782
383612
280378
134896
994929
793630
830959
64738
247568
520133
495210
798562
546760
536371
755373
3302
977764
523797
26364
179582
966057
907834
334522
482555
507193
908100
48251
285755
298699
338243
129950
581959
861391
495005
509745
877800
728283
725572
356022
946922
655787
561011
475119
996500
962073
95850
915116
456899
388878
706804
935955
72717
609698
241945
600124
753241
292088
19230
744510
776188
229961
873194
513840
768939
172749
688249
884772
899744
9998
661969
697239
495785
957965
84484
815638
462732
336983
769541
501747
901098
213037
280997
118862
294488
281666
109487
679346
165602
492539
826258
24365
529177
535597
284114
770854
614660
424347
280648
66882
766016
676462
944724
809964
27074
433408
498706
675520
132058
632175
731531
191327
241661
181476
318470
791607
311120
103632
642163
526930
988395
43843
483746
371053
239144
341075
261985
2621
578466
883378
172653
411820
194464
136401
808742
980103
804527
867436
815215
488067
381607
969173
342619
634131
336985
172404
910663
629891
824618
21967
686238
752954
72312
265181
786068
923209
470808
926459
255995
243366
438496
698809
261215
780732
876503
560178
236463
381396
661498
361075
747688
482772
214113
592793
114291
758164
494050
610266
357793
935388
652550
905118
390701
206304
16737
178277
892584
180872
552748
244785
676853
207667
433495
627974
433918
176253
282344
775295
937386
600061
781703
148030
565439
532231
173893
388643
98220
840151
878786
609703
567153
272685
185025
338333
588014
928157
927853
766260
796898
446964
669640
859413
702439
825034
444884
96963
976254
202187
958284
807900
582971
988991
283407
536783
41070
734079
529022
276892
276656
445847
38183
75450
350126
242928
814435
258474
331057
984922
506500
410878
436634
824242
733024
821630
211403
822554
830945
901233
935463
938692
550003
269613
783779
278234
660146
772083
374993
833646
812700
793753
461196
414330
262242
350115
197712
776855
488800
529457
224153
370881
235420
956995
862824
958376
600459
850599
562970
984784
53562
645142
972299
374962
344742
919995
564229
745205
231
854380
926201
397263
856768
456714
731940
494294
542741
686940
597467
401618
416307
209952
991537
666724
830673
578615
453595
625944
996653
64637
258424
266668
156517
620426
776529
725971
269004
457849
978889
19495
624428
561439
437803
979588
731426
652702
917728
721067
590970
275761
589742
854985
242664
843723
571882
194477
253880
101295
382962
936885
544808
776230
153982
900137
534519
729144
762623
43137
894215
692300
506664
195591
937375
783933
824615
353557
426169
139980
874046
811128
131976
704734
439850
762457
933266
841762
769973
227083
717173
343881
664547
632859
452235
192686
407602
661950
410196
642443
551852
713558
528992
627295
610465
540896
943868
655955
76316
478925
417246
320971
932838
674160
105335
280494
280182
120453
82225
115769
292440
998250
976532
547858
37580
720985
816452
69266
39269
66027
407169
439178
240866
641517
870601
243777
439388
836133
879446
970414
211921
39968
406138
434588
146253
364835
144895
671930
706855
894894
757873
172955
634638
399011
274637
842260
486686
543137
494935
60199
189683
182673
214627
150284
940454
670006
347911
497862
378616
12579
920203
515190
518367
587531
660524
948306
595819
713196
830741
434049
161821
764754
911619
255987
717885
436147
51410
201121
68493
84890
808160
31350
311101
965941
21448
928367
898812
954849
50831
967994
45674
548730
257884
409785
776663
679799
818229
314245
851524
399365
927629
179262
342449
560168
715747
489842
830220
85584
121196
478328
99720
679331
660739
523078
530901
228388
801784
2990
118916
940148
234573
382706
167280
982127
147623
982620
839832
260670
468764
34145
231060
491868
716694
176713
595121
254196
945024
146002
546817
175138
149120
595056
110153
574905
940259
410815
768141
428946
25327
534127
259716
776124
33503
630321
44685
163855
881740
33635
285692
103215
165861
174798
126469
576719
14263
245290
509144
528500
548106
932753
272036
211131
844869
893536
61096
785110
869049
89144
401601
342719
186401
739622
359176
269936
462627
768776
234963
585467
717118
435506
136161
703446
359335
19361
633261
657758
193000
814200
842763
548635
737707
878886
472545
434131
413366
175338
844908
293273
578861
861757
418633
654556
460094
324898
498527
306208
781285
176770
946623
244788
28332
424368
482796
924805
978296
910535
457266
601422
849403
373902
981179
812601
622667
215946
467445
439649
276649
90096
112622
472874
753127
660191
378046
800214
501456
69022
685103
586188
490886
426922
987130
821991
40035
478995
800225
600384
384886
314680
468592
71548
754379
870311
735155
325735
891037
258325
200112
106712
90292
702033
777853
347011
311084
619297
708034
486308
659675
918535
979063
774533
