1000
832057
396390
470929
8676
248888
760032
198567
26977
729442
294582
788784
837718
295949
628757
784508
16131
796707
504294
613688
948459
358946
56229
483297
995891
388527
524300
916632
185374
331552
209194
975620
924812
253510
219571
549345
793111
797731
170537
870754
161628
462742
43859
755406
370202
465179
444861
442758
534661
940269
316967
711974
59304
181602
165260
455302
204197
403395
642612
831830
300525
186567
4487
367838
415146
827849
266353
998955
331036
327129
149668
74830
220476
537358
569899
582949
612294
631567
306563
903264
786379
753165
879737
411018
959941
343009
377769
958515
690817
527494
426416
387002
313692
750533
454535
197560
608167
978888
472272
518198
202076
110788
405769
390777
192269
34352
761520
338030
107216
952045
990831
493835
673604
886148
652
997995
254223
107092
589195
388000
659121
901072
953232
772807
681975
422998
954385
28344
503441
927242
132899
852541
399816
287565
478373
987359
875982
803731
519730
766634
607313
578764
810734
223523
117713
505948
803991
930677
794775
609085
438557
32630
915059
605554
294480
560064
243530
31460
957161
150465
502746
32352
223685
34497
848637
283237
595538
479041
412857
395182
880454
731852
238547
61481
585728
320071
921082
560652
165372
65670
594354
188351
146594
848760
324881
475133
767533
667789
435243
433620
953242
225925
639
93147
205119
608582
707478
751538
810782
729201
753182
748137
509837
366907
515248
871613
79563
350688
49321
3225
917855
898754
987663
10657
11692
926715
887333
446416
582785
451389
25105
283965
357255
376338
331106
367746
910706
307540
409382
866529
443690
984176
208797
224682
199235
810263
439874
561222
193524
500258
805483
583136
902484
773559
655404
972454
474301
291125
124779
276295
821186
295968
815195
967714
859762
987379
383803
530195
801294
397957
69146
174405
92361
336825
240487
988687
238429
462337
281399
854124
917994
80703
332721
457839
297807
207685
339000
651179
816722
680750
398076
765280
897758
968162
842779
568484
663454
225106
113095
323197
416513
572536
931550
38559
660902
48094
61804
828229
934366
847616
493840
557146
293919
902249
854580
431634
716325
766317
631963
40694
637239
63200
589204
242577
282980
229870
824479
887464
979950
815560
961431
724876
39861
679759
548112
338671
379306
873628
938048
672229
884571
545884
795088
201316
222747
220961
811187
67129
718153
541508
908219
756470
224932
315306
993469
48151
31888
747717
848865
694219
299997
571048
312635
759517
960281
691211
921041
452175
214255
737090
526694
842372
274731
2051
497102
325567
526761
321410
237694
624098
448405
64850
853471
349558
574118
708008
636972
940462
947548
226663
737646
369065
584208
559229
828944
336400
475505
792950
431418
967951
804642
83395
729318
271346
858222
593711
584244
422858
387650
851982
979179
515085
271286
381165
346252
5127
292251
431649
328966
965096
397842
877087
383356
955687
870878
433927
587894
539050
55913
560739
788301
168869
951222
905235
265622
827082
222961
917547
787048
167282
10422
709578
433568
901331
70214
174152
613903
400297
667741
765327
444443
268350
524425
418723
218327
680940
550102
727641
97145
200136
874634
547487
79664
588895
13729
593102
168440
169976
724327
540532
248081
790602
858233
274820
215574
786784
884104
324841
682667
911980
513169
259106
727241
152970
731587
658740
816213
459698
116134
766525
8133
241603
683874
163668
642368
808804
10052
701318
783394
146976
207525
934251
809958
564426
925860
679962
371933
380326
821094
115632
897436
98809
456227
621295
401610
875670
810634
524919
120796
807970
325685
53435
243863
220032
438480
525683
577532
289046
386767
271602
80454
16954
40275
930348
69151
701730
508509
451498
569126
904104
730861
890457
729339
48555
564286
498016
779163
266771
4576
29970
616921
67186
500599
622942
642197
981930
653732
389304
855448
859297
596886
743675
422611
616885
669123
329737
284152
855204
469146
261816
39981
766768
954967
233603
510174
655674
114447
403602
959317
330844
910423
708454
515259
204771
528087
462012
496821
187605
793785
521046
232650
606023
964385
281433
878096
579274
143432
682750
404048
999094
586402
305034
65023
113051
575029
78216
217998
149636
878514
637660
869679
847881
838970
573844
895131
362869
353520
238086
824165
274824
530241
623610
499577
332998
705396
854380
867347
66811
6672
956791
193200
106108
726556
434987
789520
559285
623979
306910
946924
350641
183404
909473
570623
483573
784298
713625
686851
170189
248435
77146
674780
228989
106085
842316
145578
84190
692238
972270
178249
270512
162040
5892
55267
118165
390831
828685
557054
298566
399598
797214
623280
544431
277377
72511
488017
322360
192936
446738
418901
345169
329867
776656
605578
149081
545133
455778
953642
182455
928194
117560
340835
664829
632187
124694
893522
608795
717897
253749
750403
451090
742536
586138
369860
621399
720811
793000
512941
124835
562066
437663
592424
125763
282073
426463
5073
739713
982505
132190
900570
908590
724900
889590
372195
921527
96904
248183
131795
637997
956953
135778
106499
272476
270022
600882
225980
695759
429446
262695
349569
98525
727507
393597
888713
921699
82224
201421
657966
420442
214767
532983
985385
850940
244640
803491
609608
242150
838070
413183
644906
174780
35574
406505
170782
92552
220464
629612
641481
642595
2933
850345
772143
23324
537982
277488
982286
590848
310132
188598
333731
793768
346623
627084
34199
346574
573329
464689
52813
309187
456689
411153
207287
906767
260938
51776
494622
104007
514260
230312
552430
91815
163721
370525
516524
944047
499993
331923
215233
754269
37821
729491
623194
243292
965690
286361
264844
248061
793045
312277
534852
85379
451545
322893
663672
193878
519158
660223
521420
535695
918438
350585
74279
681214
423811
263706
586314
643606
174204
269063
751560
614489
403923
603157
7654
641106
860195
433066
417271
964915
55071
346342
213181
192888
778716
964372
596699
271520
503858
752849
650709
600771
532354
146138
100213
65163
759292
720083
12702
364780
441885
921004
514102
860354
857263
398009
505909
281413
693432
688036
898076
700565
308918
511344
320041
10514
820422
243789
156332
289486
701217
773598
771624
792351
521413
147831
87451
465504
194578
357745
231381
342790
369237
688767
525324
548014
690908
600879
639501
399096
838251
244066
736383
534650
909262
425385
776955
180138
544032
721736
656906
828114
878273
149649
255924
813768
44957
867037
90548
822983
39524
440062
846443
101532
62769
97178
127711
211464
434210
127772
946324
116859
613964
392787
967396
954731
81491
437923
199222
257977
616619
663080
494374
770009
484038
226432
793720
826205
869198
282222
465494
880081
38756
828972
356940
497058
264256
181686
759690
357004
172614
65888
378143
179306
188434
358486
93850
936062
984486
643183
510204
201188
681103
934873
483756
676890
196204
548160
797580
383794
922880
260537
676276
475667
891876
887243
854103
341778
530880
235030
58863
956499
642220
799519
137575
885363
744785
619311
178009
401070
449045
487535
774171
