1000
100969
33080
584686
721675
122592
689443
155624
320908
856093
843221
434295
495535
760410
33782
228653
507003
993822
11958
773246
662957
682265
66816
730171
295698
690429
790052
322569
833352
58726
614437
106467
46264
135114
604196
326541
417004
256925
433157
917666
200882
719626
959906
373930
675814
636469
429134
926289
585412
765138
913150
468226
928576
597989
474129
804108
897096
144203
623043
729605
791326
59061
409967
155446
885295
854313
306825
719999
922270
4072
664949
370422
342290
577283
843402
695613
463789
201870
695492
530300
9319
51594
433947
621082
783840
316223
488419
636431
337164
900358
280479
967422
33425
640731
535471
352769
542165
64462
786606
254618
150498
381981
54945
998125
34576
845250
318425
501451
341921
155926
768119
184874
9536
889245
736394
819685
227580
710070
224638
831724
138419
337938
311909
838311
304574
401671
849756
679447
841333
12397
290056
848555
645539
793583
35888
577749
115236
905675
747828
992547
78318
203381
153325
906508
599331
873452
18749
853623
212816
671857
801477
614653
154275
23780
964996
477093
446981
860790
545204
496475
593351
875732
426605
865623
26016
247045
89984
433032
251067
538333
743469
368174
113793
155995
718242
561928
972640
610864
520622
199874
447977
328276
192890
685701
158800
26615
711105
963608
498698
749000
100904
807053
642951
628437
116348
390818
938493
233505
710488
618536
852203
631924
826440
689643
706879
503627
490368
805721
20673
998635
926325
895132
785357
238328
147288
830249
366945
699933
153053
811801
35105
310267
917967
638729
891875
51901
484201
265407
118561
64484
973448
715070
246699
793363
935685
761167
938146
249146
56235
565111
16964
62958
372235
657710
648089
805980
759392
939589
967213
851809
622012
741472
17403
336878
95950
427560
875858
533326
896520
691512
466312
180992
509703
525322
239720
191787
325527
916260
242618
598269
880832
783070
478416
823157
511315
632592
773964
753783
932575
904021
782241
985955
236703
534085
829179
273960
466492
813780
324253
520422
528756
336469
82673
557055
974042
520658
328222
786009
339401
156379
289245
957877
325739
136212
503966
234387
930606
241296
338288
848833
772313
989916
178156
138666
591726
62483
552971
917882
560032
76079
320197
34569
418830
606123
59333
350897
806675
361521
204377
19549
316450
897073
771174
281466
34082
505160
688505
568605
854219
878266
676783
764033
228495
165410
982441
638099
236991
318541
352976
996544
312180
679680
994342
731123
745571
926523
964788
21417
277380
887578
193758
496322
488716
842135
246920
83448
279528
150774
907293
375830
450195
732654
973590
450115
880631
31242
932199
863194
344899
227377
495994
929928
617739
574993
551900
548659
639201
739454
387372
939410
742257
196512
625682
357865
757038
376088
498012
879691
512891
19412
765775
549987
227488
961032
70471
396911
528080
359966
146604
917619
303175
55487
863598
138175
112202
666922
469031
567436
574908
89391
972050
377126
313374
482842
64782
222930
436980
888527
599653
766205
889647
22277
100149
252964
373142
308017
562287
183623
830702
396565
879667
67719
149189
775214
851376
981421
887608
234473
753324
518366
230340
82057
131026
434632
928512
540068
350422
970631
965964
28392
932184
620103
701784
258792
23010
551451
988607
312989
887142
295310
568228
158068
770337
38538
710118
651310
169915
879171
177985
420163
75651
422133
866386
424548
69585
55676
873312
489269
118502
477605
961521
399443
95666
671829
463599
817831
953805
835370
317530
621977
495735
835315
20201
280610
45758
863201
586429
947731
386222
174243
413055
160669
780406
664888
567610
414001
146540
9727
903531
830058
522039
12145
399948
442009
209760
476297
426397
536753
948860
552127
625673
913164
827582
828401
28557
796160
116815
482484
448738
507627
65195
482506
140472
668187
439019
362241
205082
341763
370273
802239
919266
738936
258031
722619
71154
838483
964573
225500
251937
914431
577249
602834
385213
215803
391843
884315
151347
750782
275694
986646
678389
970954
879719
659383
789246
306813
956109
501561
614006
71710
172714
972428
178604
350864
676483
609690
725978
271162
509728
397177
279595
97179
369588
818736
429213
317445
581659
224879
252584
242488
253993
743033
550763
989991
760984
953286
606968
327045
745593
552283
811218
19174
520341
852622
412232
453336
45290
709406
408692
723950
169432
510026
124987
612962
373456
350061
240940
356890
926246
383790
525282
601124
672391
33868
822960
195017
711171
407435
39217
331631
363102
717213
122815
381891
236969
530521
567995
608215
307650
443635
459383
45698
584566
952774
438308
100175
103247
343326
747215
878087
375069
502503
450572
405259
598509
225177
253627
202093
579419
578146
138013
877903
728942
885263
541382
829093
978410
786530
577247
182067
700516
522807
903641
42165
3672
723075
168422
711956
25869
478606
660593
60866
247799
958583
753333
211453
862950
80430
881053
227025
674769
75725
79652
934407
81098
425914
3600
937680
59650
574186
951989
426278
467051
688668
732408
339995
859061
434083
802481
852988
869117
14747
225154
379578
593860
78473
217218
767390
502313
926372
285646
966486
471453
702124
954821
988217
788071
328553
656003
700910
275859
802552
620399
339790
760453
145614
911834
395713
700441
38336
584465
869561
430109
733181
421950
607616
181049
974395
556935
935103
184858
361507
931647
555741
854783
962871
449929
301402
194127
476637
215141
757469
96432
778774
349908
814179
652253
294273
106809
99511
498308
736594
413868
912833
282369
77231
213994
319974
284037
437982
639267
4210
512253
793548
985095
580066
57055
545273
101072
331372
165083
27929
255250
614103
786544
65803
864046
254587
760305
624764
935128
819235
234849
817874
258740
743812
910383
347339
998802
349959
352104
194506
920177
544544
947980
111865
286210
45272
700995
448802
193104
272115
215634
294684
418273
701176
554095
557316
939478
153724
889752
165098
870605
818198
823394
848667
851350
361527
921637
22109
509356
261641
172443
630809
653129
308842
346255
311284
316709
665011
740078
334510
343597
568109
782343
519751
570314
978868
866594
484057
503014
689998
843868
995188
441705
871074
506454
400101
974154
937653
217230
199109
569470
334190
417037
411194
160770
418028
882988
550148
821442
805372
734786
672542
372803
627401
725448
602147
176440
472376
343061
766816
183571
630740
448301
497263
232987
196565
209983
557876
657098
158641
463027
783390
62021
367123
228761
565403
684289
504928
367413
849533
529593
513600
912529
926549
262556
316348
37456
636740
287553
31321
670505
273587
263455
558736
127898
392752
243185
646169
488647
425676
18367
883405
684526
208458
347091
670977
52444
405984
492894
60834
64068
746652
135247
507533
811835
905123
238528
34732
314989
130092
24243
850897
450823
903368
250560
765550
975901
513507
345106
394584
247364
90558
835559
197097
423593
877615
650778
466069
68526
300761
745037
494086
367564
642272
873799
97093
349395
695186
935678
319414
492500
612451
172679
215927
144594
67451
974836
482281
107263
