1000
0
512866
314366
105692
340571
130464
305489
152750
9970
153941
547239
769566
714433
140101
328707
720808
232638
241725
133743
659386
848411
491351
250067
890075
481016
634100
696552
25041
314024
168790
629111
404263
344008
493690
752172
733387
848384
931585
235102
184589
76632
81481
883970
298543
267919
571975
935475
476565
587718
362891
567603
794978
880391
804959
795296
106778
950938
616964
292208
708448
640080
63521
108309
214318
79855
60680
260588
445360
453082
321114
553512
586030
334006
71114
757097
109394
560085
966173
631429
342060
516946
45168
876902
315011
213174
720199
106847
754457
123850
76393
539511
533725
160170
409993
937007
178890
772460
595064
21163
536340
162740
167459
641629
84032
466813
276248
318876
937052
964924
956147
841647
550850
159616
479479
682232
679494
32748
55580
136636
766954
576624
901838
994973
775935
878756
125021
778812
127288
910947
856653
44634
954229
226881
434132
432567
340296
372896
265263
615922
183101
149893
184204
858071
185054
760386
37449
182402
471022
828680
252498
747892
44295
985671
462745
27359
616052
992496
95979
550232
884956
888326
85126
566499
573491
273872
502559
209622
520538
282517
622928
597431
11268
840050
114628
575046
974034
749632
408338
92557
205288
198955
422411
987664
895963
954591
867725
219311
924466
81447
123624
134248
74451
62931
25100
402547
879658
652237
247683
239683
218406
124184
565873
778576
645753
847603
530231
600750
237668
852728
835986
867440
554998
845833
713119
939535
723446
271871
702372
513305
49480
596032
357167
812497
472076
273543
621534
97804
234822
79037
311784
826186
486639
268114
137729
541062
529412
413272
780463
874021
336887
750658
515230
725258
611434
868953
711703
309256
884109
751831
704567
131884
433077
129816
977529
417357
784562
634643
559981
593490
831341
537277
966235
524235
466566
792155
960951
111267
354363
395926
333544
331127
101257
166934
697321
590212
482166
101041
994121
255201
158809
516815
169179
186239
809629
729670
773609
678396
133925
915058
91245
345983
826052
739893
178269
62704
446889
525553
610749
697042
952647
130744
429892
927997
181326
474940
349760
216571
69314
419849
781026
755482
720451
709066
325563
116401
954737
292505
724797
997156
21379
766113
433370
996183
463750
245516
124437
28551
885850
464498
967504
788738
164077
902814
855604
710277
143282
59918
473005
352135
535682
355368
267933
770611
275000
153208
945231
302071
366040
146820
297421
781515
492259
758939
805793
748431
787461
866276
287659
815934
973339
167978
929062
741344
85004
642674
571182
847073
424599
631680
996871
780828
192842
631026
641486
826788
953404
169180
8819
955918
832031
728426
950256
868095
212061
504921
749514
170730
684747
408169
549630
129125
472617
512464
986586
486880
444730
764337
146344
328725
930389
168791
470896
750054
145852
734630
691415
793282
203091
196187
820275
749437
664637
658678
783870
356845
838614
890079
393250
95240
139373
263091
763291
359733
596751
454932
191919
804752
257986
36473
185805
443598
665396
595032
496101
970220
425589
682610
760201
60102
497125
186584
668199
180633
402303
249958
312317
696691
676574
28101
423035
531869
253050
182651
781917
953611
781124
238830
808795
92426
429457
598871
920087
989840
304611
247476
44058
175040
261538
19538
877368
389870
731817
311542
517896
509497
200847
85112
301212
912047
904311
683689
862394
690916
911658
527378
314013
81500
916808
388774
432655
451333
518636
156684
129562
82172
744099
852231
518892
444620
623753
762910
149546
270868
146956
238240
165274
613935
223669
662356
940223
4362
27591
46192
559602
892767
980842
719331
938438
749662
118413
347960
745397
697529
810981
994965
792008
955888
343154
138888
282877
738298
682446
18062
905498
208389
106278
520520
635412
647678
977986
337705
992091
223440
153083
376666
283574
182739
267606
343174
66099
893484
688506
880744
483625
63673
691068
219830
923780
991440
24807
899017
213677
228186
187426
82288
504626
965971
808905
705935
155296
414886
820689
629476
287184
374163
779306
878108
63081
746466
649056
260966
317007
605899
929157
74560
752932
83122
503937
183061
199685
526336
851937
48842
727779
947697
140782
571210
326236
703046
612812
733667
910561
97989
509302
513606
291976
851975
57881
931123
380571
504856
404748
403905
307397
731394
486105
34276
490684
606969
377089
713614
877489
40382
229217
744978
948064
987148
436536
530302
740158
529218
655712
355145
713522
137018
792278
730079
736422
304490
229609
106535
282085
266611
844248
518938
50756
350805
150936
14786
737718
755669
355220
239120
363593
742486
882701
853345
379657
464114
633479
887908
405003
816996
299400
343219
804510
618379
49943
828499
676767
670497
394013
199657
818262
829373
467867
251704
138915
887965
945506
171165
824518
633081
809498
316676
993765
580180
415719
76572
996219
235111
644623
739432
340098
762310
382007
613414
607560
659924
121559
935163
56635
906400
472656
85953
564152
926469
671504
448039
536172
917973
486583
23470
912298
538563
765197
709589
542457
986492
146748
432666
735421
69630
489511
13845
579199
569264
713706
100483
184787
368433
750730
747610
971010
161295
991016
47367
794368
706180
608430
245259
682604
378683
263653
390020
5605
326497
802324
408786
16459
722704
653796
103416
22042
580085
127825
84534
855357
704428
999952
752873
929342
334384
978299
152882
945424
546499
5711
315298
687062
781493
47017
766885
946233
506115
122595
520790
362033
157658
124158
876757
464602
487198
674542
764211
397141
213172
303450
886972
208085
568316
592709
847213
9238
83823
968983
69606
155635
166348
780644
425852
258522
270688
806929
551763
452235
927790
808254
791049
27330
555212
588188
977133
382345
596008
183157
697489
218884
863368
541926
474422
881659
188028
16066
748627
907204
889021
958771
742899
113912
873051
839370
181923
484819
709540
55103
903194
833335
195468
567786
173341
293144
360117
195849
775132
713605
680134
107243
888003
627870
745875
16053
800528
20527
435411
241186
930060
503592
577249
556742
762021
823364
833069
244261
598053
879023
5586
781324
176915
390674
553416
14362
912701
64792
817333
237269
339338
915126
828710
660068
289956
624677
69809
409214
109697
987171
664001
708548
17328
820347
930499
838167
226551
337108
800747
241960
224496
495094
931704
642440
669187
434927
710254
306758
168814
428823
431845
470715
125306
262784
171567
32789
995854
844727
888276
439273
278073
663852
975217
797675
636380
551123
930839
871602
20638
354877
837426
697076
103841
159021
596699
475761
177619
129587
222618
513105
758072
900006
895955
145863
410690
693737
426664
612545
106807
483393
380952
135964
450374
873232
400268
681035
849311
988201
802313
723389
160772
60794
485857
909661
186391
970020
576701
562832
521385
330762
308710
278083
859517
13250
172676
103227
18147
805301
428569
1200
390196
161205
632433
267606
414113
612375
884386
821348
9688
646973
295860
162476
170453
109568
455638
664065
641287
823703
644239
362479
936734
65212
922449
777671
