1000
0
225604
214567
167388
709210
828702
669198
203432
692197
216085
693446
874587
21777
236402
33512
376673
859669
462707
534350
77669
26193
269777
819856
240114
972934
665042
663081
928770
534266
158688
426031
753870
250251
931422
67104
413969
573855
468462
764881
730571
694124
278300
618432
294307
21202
452691
930095
735173
705196
904480
861885
616375
560371
415187
466472
88916
369112
10530
259214
957769
128125
318790
542114
658038
776703
370483
840796
680745
153998
803818
661260
560878
684025
784903
134171
749199
258983
556074
156182
269810
26213
470898
31784
39969
334102
604133
357574
299030
540054
172261
932971
474091
498883
195431
483786
473414
551249
649106
760932
590710
563756
770647
786837
917014
436945
779880
614346
224561
799680
42101
710397
363009
9629
212924
945959
465597
206738
335645
455173
611155
650061
388979
595967
951569
783710
708852
346407
177290
776907
387111
592193
855392
22458
227541
177801
493984
945741
306470
421520
923107
722310
478376
562377
389106
188902
6712
47337
81722
424693
847754
311655
676434
256855
297024
479509
530167
46274
408037
919876
908275
161927
950176
331379
54321
281969
729176
931021
521724
801371
503688
557846
421479
564890
568814
581761
597685
750007
298339
555367
217173
607195
203566
534729
742584
357836
192023
610764
295974
193195
970755
245383
137222
469699
57461
969500
165183
872367
691386
881794
515057
368538
933731
174494
845637
110853
504136
412256
831357
922180
581909
260767
975662
123690
649098
558108
752173
11072
974512
338641
145311
538637
312544
342230
366923
790426
664170
27082
485610
2253
419014
104969
314969
797023
184055
266202
267048
248792
645863
446810
170559
289755
400070
696204
454133
241277
138818
715185
803312
86572
553884
194128
84515
246958
127348
234404
527490
428503
257169
886534
204407
652012
137809
930674
145570
548518
8713
120487
128389
277187
617356
380032
261170
445254
715061
312886
476700
864376
894112
722577
573196
583451
128144
307253
691073
475046
817389
900533
501610
9769
3198
418744
325729
809046
417230
150323
335726
143392
234863
936557
50016
450807
322344
287631
544884
318458
35784
125060
707748
265528
560960
938318
41593
696091
660919
427028
100666
444504
379256
314131
326104
63778
718575
19091
150384
470178
416108
5427
946574
493985
268071
133405
327664
443511
459193
410379
778602
20456
52436
479964
133154
660852
360667
286422
97915
394784
963804
910662
897101
235004
826569
304284
349424
818305
40686
717485
342974
539337
961099
385625
162563
458140
161717
151845
98892
803408
951678
111051
799362
935400
640479
293664
574483
374873
537077
859894
640179
416249
795281
142969
873191
761999
531222
262576
154809
281872
407845
324860
456074
790070
814273
636845
322503
149299
989215
867657
112420
815588
813538
591524
30129
95007
146230
760501
853139
15002
653078
433511
491475
420584
182241
704440
544591
101516
797875
925310
160578
914780
402619
137385
492487
337500
320993
629267
307331
426281
884774
495387
825489
561476
865435
816606
177946
840855
438128
675500
912263
713517
390973
796836
736300
658270
474757
142578
321182
623825
745103
613362
725976
677413
712532
950445
270905
85476
171698
88172
437194
128384
853268
809307
322188
677824
778451
634575
796992
864885
452123
253842
310029
991588
914906
850494
702449
418043
898292
36492
33753
541881
278242
727681
8974
313064
731795
11780
292311
952581
846283
950448
465589
267186
837696
504681
809903
342408
235635
634580
795078
812902
599497
925239
688052
535060
632823
592978
255199
822066
420693
458171
266862
859241
180114
749909
842232
79816
310191
138407
589058
289505
593040
141739
790705
862140
468384
938352
928568
616456
240970
383803
801857
711570
44113
259114
927171
114031
497569
41364
749971
549701
632817
506792
612907
733942
310341
463336
856213
664210
621750
159644
21961
851863
184064
380356
618065
82940
557806
240382
715042
427059
988538
11344
474723
492404
75914
262441
304807
617136
605557
305898
524939
659053
605596
238976
372519
965332
819669
265815
683826
152014
50748
323003
958210
343037
160654
993513
251247
13649
515239
179473
214277
820526
862694
365391
424467
117824
815492
316911
61826
760689
811685
294376
490603
528579
897188
770630
2315
408106
853896
121036
321248
622561
166937
720324
583144
613355
922917
763480
164436
843135
991641
790344
919818
615861
415504
645886
964372
27634
819711
494235
442403
36136
68542
180449
292858
903213
429826
893099
567886
688856
409601
182978
238480
250949
277002
999921
816161
376851
734200
366818
455949
590838
651056
481547
242133
251023
750755
179693
280743
989275
972217
383941
428640
960267
647392
717703
590351
19332
611247
894300
266198
12806
425674
250773
119601
98850
190459
60490
985774
855376
122025
618320
399838
348548
613704
757124
479982
875098
338138
101266
103495
892796
806505
223655
623679
272700
649084
251787
639196
639909
425055
537345
659325
413401
99095
354620
315733
438472
287998
987463
308873
433496
775605
950081
251244
529452
239329
285185
454490
128279
969794
854130
504877
138259
176486
697178
912224
101742
207980
984276
653373
311216
31194
720052
786747
477624
281124
737768
343708
503678
542876
574197
219797
992957
620737
600666
74943
446519
950799
51203
669984
730895
377517
724598
810805
495379
708937
2559
14583
562198
342274
181919
787017
603337
709757
743172
577488
983314
227856
23751
128549
197019
356214
630688
474179
595618
772013
248197
248854
654160
878886
676109
100103
989606
922664
448760
426555
804305
895109
39384
308550
442629
381984
528004
341888
256269
535518
91380
388411
708260
929473
391391
678399
705248
298399
379574
395131
128774
842451
348372
886654
852321
303808
755827
823265
153843
748677
319774
295758
371227
556211
853284
150689
340754
275190
680156
427303
562725
994198
5392
663675
293816
938345
464716
126538
634443
800613
787205
831775
125630
283720
419111
504089
691549
744539
726232
282957
741527
511707
369664
722270
295655
453769
462289
207696
473683
910395
476283
593085
646690
813889
834683
491392
992866
235333
855
215589
342341
526208
183757
946197
789767
925493
984625
57145
634588
660266
910680
613605
894632
767563
829991
396147
859660
402765
133031
528564
580233
882405
522486
488442
349937
205119
539090
599940
653987
626519
857476
930684
464939
643787
249955
753933
356985
737613
359506
192115
785011
394241
87343
875418
254414
153845
744682
156281
56137
743326
419201
314529
900923
859365
515816
163107
492923
65714
499047
318457
216722
772179
810518
341847
28553
87897
569901
265041
527427
608264
939537
526078
123582
607248
611491
589704
160713
788505
886740
694567
599066
880791
804740
560424
602644
438875
849588
462545
689182
289045
338347
562341
540310
692126
776920
51016
256860
962616
255288
129158
310048
136222
182924
116023
522185
378394
393668
714385
111897
993237
904506
953341
882875
115576
26236
649346
888004
920711
268972
242328
196571
168686
616287
666430
73628
701801
420453
921316
665618
148916
638760
949304
877345
904275
265151
422373
