20 55607449
765720 50999 532600 439706 689632 421113 199064 714798 804178 824515 894794 448353 502321 935897 101784 279237 271197 862619 460041 959056 
38359 794129 67194 995438 538573 218043 701578 952349 123457 822651 752477 339355 584640 476060 738882 906063 830214 854409 674688 390901 
446925 182865 640064 358892 94646 542087 91072 508716 833853 507870 22419 600805 189619 830892 197712 70648 64467 656047 645517 263207 
729264 962789 766551 941497 847867 750079 888534 114525 876112 521499 441535 868542 270082 895529 653031 465967 626458 219755 830813 572415 
650404 856882 874323 301161 989689 623566 499962 810377 899339 176559 34494 312589 752821 65867 96413 282460 346776 970678 756426 308395 
289138 535977 618505 625958 123126 349886 728001 531452 836059 917721 645146 603333 510796 603023 906270 374963 684442 299404 215663 317808 
364036 128846 575715 417805 972711 573177 530303 211559 218198 368942 295651 222528 339014 749008 109887 241813 740892 8445 678862 986742 
666714 791438 60664 101802 934850 900767 339076 497203 964441 131489 866314 132071 453358 857114 871185 765356 918584 583528 739489 225098 
95081 37034 744882 62094 390256 383091 250700 147510 752587 809370 470725 426282 659311 469461 379544 176421 476237 245637 952565 848421 
785632 169460 981430 985085 177280 864402 136848 695145 909333 936118 910747 270062 932484 62728 175703 802472 728988 178287 418913 464435 
459222 758762 906727 459906 507407 935305 852260 462033 711619 937673 670774 326608 350379 982430 589978 126755 424033 649568 323873 876376 
559495 814514 181697 915280 620528 450310 916141 165918 974217 995470 67974 760843 209698 790085 296728 43546 417216 278563 986818 192257 
134215 199788 304240 426904 414356 302657 685386 636125 850449 625423 593582 299667 855477 447592 776110 593265 601752 849697 186492 449540 
384245 571257 292071 508352 802469 990958 663319 845975 597543 630695 570341 816337 213749 211969 561999 984421 47802 64444 851382 895887 
864065 782975 204798 570964 484316 28728 395617 223579 470065 68606 644971 210655 160230 918450 549937 576130 50221 349708 453174 927062 
384737 427874 769024 926941 609214 49538 776737 394517 178205 678393 203566 349505 72667 762535 123116 753098 251962 218988 902291 697038 
562385 727309 251598 578035 760798 524222 969727 68298 22458 878181 98991 604523 136759 765440 765546 983851 997695 349851 778799 825154 
656268 912607 802470 469942 289345 518369 412455 519696 997676 231500 174678 232174 576741 554061 994823 661676 802877 22827 282464 995262 
801778 444277 690599 755891 763594 958364 955809 659964 693648 595068 414289 199770 76867 681297 831900 799463 926491 112351 26974 503775 
557245 341988 402919 1310 450947 345727 162933 532987 941611 28659 770669 280314 986625 212203 678989 541474 199760 894700 340767 849433 
