10 55
741553 991610 428418 265744 602626 874399 755348 522126 535220 870557 
470926 531310 847219 398359 747355 346249 271873 912535 226374 157692 
742732 184190 831934 149388 928576 541012 450458 822955 296142 956712 
668265 358725 75903 348779 491817 150637 542200 392913 371935 883676 
309319 725073 400235 903006 10780 706056 922139 416327 285367 765850 
72075 72093 628628 903223 282493 96796 140025 799872 230675 397170 
856323 395806 594616 809897 113851 424730 194143 195801 891153 177311 
505114 997365 356426 727236 12711 54159 18083 427643 582183 58224 
892388 476619 619618 82000 678729 642248 229296 866460 588318 752997 
666427 51961 36282 406924 583963 611843 372496 29052 571776 245721 
