20 39
8644 510780 571455 173765 877052 61260 720504 34041 947806 511138 803709 621483 220327 429236 839988 724592 227346 857174 880260 584835 
304560 94729 770918 472798 481392 502280 176439 450520 244087 655430 765176 526601 168762 651364 540410 103502 904667 417506 605950 872946 
411128 544221 85542 320317 222979 339397 175578 352801 412725 410018 724866 236224 571193 170806 743075 939688 120421 235457 921092 399313 
177723 449169 261696 794451 93341 817159 966918 750139 6275 451073 856179 847871 457313 386717 353750 852377 811640 612458 3816 998124 
92378 977432 846640 745532 607607 419983 956705 717030 839057 853163 396756 697188 625455 920478 270515 994547 553556 920428 903166 497185 
947932 325331 205391 790518 859274 405238 415738 45109 181754 460681 92233 89089 463541 908627 953058 452318 969572 632104 943633 807135 
74720 987271 509174 773456 835882 856030 397858 744146 386258 250361 15759 522090 766357 983666 667093 770518 283738 19144 382997 837314 
321903 292720 368617 532761 653472 373105 155253 944748 886591 885188 87630 660017 499663 715217 889039 383197 540397 275362 200781 18171 
138883 434230 954339 121468 146180 439794 323534 581068 825386 169372 954016 722822 689230 432037 939640 985474 958580 335707 271453 148485 
594904 330925 523757 876164 143073 118180 694886 815530 291938 124556 765254 425420 816258 202071 458047 258609 788854 991669 924578 718788 
514024 736578 197602 361003 366493 887490 334321 480458 899674 164903 796213 381518 640451 489450 525205 249349 392177 53584 383815 252499 
204924 90403 228275 274553 12625 905142 996778 271381 959981 434773 623663 174098 959804 674958 961777 304595 815899 802242 63869 693472 
952506 747061 487244 489189 705012 179196 319902 303572 208546 56487 822802 77887 759022 813494 729936 753144 241249 670586 382946 724871 
843456 712776 189761 134396 363947 242447 684105 361864 937113 39587 607387 829549 891894 295375 490045 766344 823481 166292 108644 758546 
780400 355463 564764 932189 436257 720882 667502 50193 23621 547973 599448 955919 881383 729128 769431 958101 900694 919584 738280 403131 
825069 640394 789771 626003 697353 340529 408308 842830 939295 173221 359076 640252 726428 354618 452626 973585 427098 318634 627193 741653 
350572 581359 220718 613611 339908 261709 188678 136396 718047 959708 50174 254300 654124 281759 473315 665982 701407 381209 813920 644067 
422515 389790 82795 175493 130112 639940 851669 148692 137343 566183 146871 878220 729721 908829 742128 315749 717193 187504 545648 946748 
601160 356753 226790 38295 33908 531367 133803 877356 567051 24830 20539 591183 361600 936310 471981 671367 286693 844070 660721 232463 
415274 265032 621613 660286 521018 456811 58915 351276 194177 92579 998940 142013 188905 440706 763352 409834 294739 71715 281123 136602 
