20 732999267
409027 117830 67112 443440 694028 408589 793822 413624 458725 797477 669851 904473 37259 45881 309205 581001 212453 234176 146053 636452 
860110 887591 732434 716473 849093 81046 256008 469219 484587 779977 446825 9488 530450 951908 750130 374759 48570 999907 999364 716801 
130197 454943 145926 940367 664885 303930 397908 676184 165894 153910 471272 428971 471881 184084 92086 496820 787861 163877 78606 890535 
370469 35539 268821 670243 814133 798739 551248 309734 598718 208942 467481 932053 564389 765033 483972 150201 122830 617358 802579 780830 
100 502006 839226 785665 183604 896528 438048 322949 2827 375716 959792 957270 953785 343825 371155 678903 299140 444055 307207 105354 
12566 752967 929308 859372 604137 954451 493607 929562 240121 645333 718469 991968 892059 10109 576252 693176 987852 355803 851601 572751 
781840 739623 110155 786282 751692 606372 984698 851580 435388 251327 772920 67532 1559 926967 737219 834746 251247 290763 259306 302745 
942529 272400 174392 872285 599485 573287 675970 556784 616531 912846 712222 288906 842668 437871 757750 813591 810239 617825 162650 585821 
661409 341992 842806 513404 926414 197352 172569 66012 883740 287207 459734 611640 67264 169265 814203 569929 749581 209402 210988 612032 
396552 128506 592947 569332 615116 118116 438452 955330 537330 950953 897754 947813 87550 923537 439759 2736 926185 290606 36438 858510 
748000 156685 2069 243978 657655 518465 930147 402696 416118 358927 504861 180032 343808 12351 864007 235926 843093 746356 558963 50587 
110137 897968 99610 252528 128052 89418 237478 353658 335632 213541 746331 928429 555949 941161 793787 65477 90416 66916 192095 160055 
592584 45798 804474 144133 35228 476321 274042 926385 514510 717291 358379 414875 646941 91073 915421 377517 152183 39068 4215 509530 
259171 297046 803608 780518 250125 404635 602325 812359 587887 340666 516925 279077 218633 945588 616769 16441 400103 412564 855568 638907 
767622 601545 197578 868958 424617 602376 386151 531329 693555 212699 71845 382496 318468 5361 842113 107253 354694 87977 473246 20364 
894551 330464 795936 854498 39833 11537 96462 537140 868139 388012 712404 383937 380197 760272 334570 224098 47331 447246 229548 986885 
335388 175536 307143 573289 544808 801497 609878 148582 903641 247992 968348 493186 417290 523565 198891 439196 762817 713468 382309 76134 
608825 797480 240290 683674 229209 872441 600774 387002 870318 262279 670871 676251 752826 433945 392398 629112 360759 429478 447865 100874 
35801 640904 81096 102708 511240 257642 107454 736081 903121 540036 20765 538534 280931 628445 717587 157131 708003 1666 980497 628534 
693043 888349 68952 15452 290796 455485 689688 9053 663796 919639 740852 914572 47009 531527 70955 741260 543345 278069 286261 528675 
