20 789485004
719696 387676 102832 17210 668533 81765 742054 143425 898106 872686 542504 217813 788219 207412 248301 387346 488823 110553 916997 954754 
129543 297889 362838 564197 829494 93308 742789 654354 627344 155742 482149 279165 498509 109599 419170 624510 395776 136977 287975 611253 
891147 246433 165349 573093 264367 458342 198 67368 156418 663442 462274 898770 183596 649364 373711 183032 519191 188083 932936 785591 
363563 959139 701066 217641 602129 35875 935640 521190 711350 934137 949177 737457 495638 161565 229034 328445 189816 69737 741687 537724 
404013 942732 30700 266318 934068 599197 357478 292306 99929 714935 272610 968886 333479 399394 279052 263316 561995 595420 48743 425382 
278570 625310 671563 419756 896864 833132 334510 410065 752943 228785 413947 388174 553795 373402 547280 923736 77104 122742 189373 817791 
37319 3979 106856 80399 479182 438502 148941 307113 757024 840487 674581 296757 146133 618088 137492 93900 79119 572391 100924 315916 
96490 460207 518079 721951 110067 925008 316648 879551 820528 750059 35694 35048 698954 649494 153123 778474 140419 159909 214594 568452 
107300 413105 312276 94264 721836 241388 624961 357196 928649 894462 427982 63990 313992 102405 779041 962090 954311 984123 540002 470877 
859927 102067 671322 363990 301205 690821 96476 58369 986244 255026 457988 912396 782823 669036 854926 377373 71150 513723 451614 694444 
602360 461969 98766 807854 402832 325471 371108 828837 746291 572612 983005 528317 691308 560000 277916 989481 251959 551224 142620 569108 
378309 847420 837375 880051 418674 414226 597135 385596 256868 928786 15350 233492 222317 884162 745265 13561 259425 327561 14470 798734 
997829 909180 7584 206978 447845 497603 101147 865539 340125 191969 284380 719872 335723 208305 720075 186232 297035 164750 619223 78053 
152542 736639 658405 224810 531762 478841 377645 873235 670762 14471 225064 209411 811035 305205 769961 882355 55117 403537 178362 93270 
715844 815665 47767 458325 868185 649637 902316 788153 274560 292423 240980 890906 35668 274019 75244 780454 987669 136212 452728 815725 
626141 661750 866788 402584 27089 302787 11124 187022 212438 776516 267550 124711 326269 242009 950767 325675 444046 233069 203496 149248 
82764 231976 491568 392390 487468 209592 251383 249310 468935 686331 701266 487049 191003 855459 114194 261553 215526 551411 727538 377602 
388272 404481 700323 581589 114439 149945 770697 638198 795579 566478 758919 658622 734671 590290 640546 611372 982047 37939 446287 235814 
975562 178839 114490 496419 888425 88002 548818 313571 771931 900224 518870 808662 325116 387725 306859 660256 723037 142681 463143 110974 
89771 653691 329315 597788 515714 754591 760955 442426 257640 928277 341186 457876 483118 907938 515052 834076 514338 736243 331349 185807 
