20 418375057
828437 201976 368971 395514 174643 242980 79352 544140 592852 598751 123234 59620 25426 294625 934656 263935 876061 316120 135802 876786 
990835 421464 318553 211755 804353 641104 385815 338188 495250 169141 101412 823811 51893 469223 578942 585110 752867 185442 580228 549674 
624865 966951 771291 678743 880697 451767 232276 881951 894545 576018 553254 92185 508109 14319 795499 23633 988900 153285 436952 415157 
131331 581084 338131 368925 216425 748530 306796 30559 545534 579931 792368 82179 291436 530287 263880 102246 468508 796487 190316 126891 
263757 110202 548348 493957 220333 653165 978666 513741 696534 613132 856792 265860 666172 1572 869273 54973 68313 257498 358000 24318 
288991 628134 308497 277883 168097 331647 456978 958851 278434 46283 464702 271778 997303 169909 865203 323597 773359 219035 596121 192141 
600031 105422 859957 503354 270554 735316 40017 738874 305292 275905 561043 152507 79751 241796 579098 849194 89028 766388 585419 481480 
980206 475187 343272 297723 336350 964558 634879 135678 739370 142516 815695 732402 773581 392840 793278 211984 507277 933114 964842 868646 
497550 709541 451567 346934 371519 880519 543998 227036 997728 700623 142273 879912 532068 174765 404972 181623 570784 626318 111731 48809 
947445 95252 377142 615513 481344 244429 215523 355590 238328 962175 530080 207680 685432 718116 281657 210627 262921 790092 325196 968718 
315533 559012 68096 23694 236826 644083 142454 723961 555222 329059 339216 373499 371409 358204 154640 505698 605123 225997 288419 944384 
395419 743361 19495 602723 814371 870486 929689 469837 862989 943850 586536 622755 891216 391996 188938 784202 707799 750714 558679 705290 
286601 779038 97883 914931 635498 494656 631744 988938 477776 376240 719344 542888 431983 592389 8597 120216 85630 377151 418409 476233 
388893 504474 667587 655575 127403 236043 953586 630999 139164 708556 773590 111397 103991 593413 923681 22907 960758 787137 52818 564014 
283802 203077 671457 135654 859182 961775 236321 336167 418626 663067 636837 787266 608867 145458 158030 689351 844531 509429 953560 901670 
459975 253989 22060 943887 998346 948639 438624 722421 179647 313989 831649 768638 511155 146186 277424 234725 612701 289325 488253 415810 
820564 214446 742676 187373 419453 564067 489095 626517 747759 301038 596229 699588 556149 530765 581804 851818 514893 682327 311735 717905 
555979 961032 949631 776489 385690 560569 147643 408685 667400 619771 11533 630241 938874 905772 600029 907999 596183 553048 11113 713801 
600881 358685 947758 200415 358617 94789 640808 8813 890838 716878 561319 544709 687685 634975 974312 132417 850214 876263 348877 273043 
555097 777652 525052 177900 73157 796314 585308 830516 805204 987409 399856 895552 670686 843334 241518 776 897027 511039 713703 751002 
