20 693020980
105393 938953 30086 571501 360909 750366 184721 19691 860623 485394 106965 428017 732831 908034 76265 761113 336845 341713 317077 785488 
15559 471075 796442 545429 399558 94484 727875 246400 783010 388005 529161 688398 261884 261432 954105 911068 664093 619311 599154 6929 
346077 131032 770036 817525 681797 89417 251348 923479 668405 541635 6206 211251 873528 260580 405752 865275 338922 875257 463175 973600 
532588 891001 31002 477748 340629 571824 290403 958055 306089 772338 74646 476749 864426 488282 869401 481910 857011 405453 592370 451343 
571717 905817 492726 399543 361169 546731 629408 519253 876461 912977 387849 413156 151618 544927 625538 808642 539993 973853 318397 898384 
58839 331685 287204 549906 890144 717138 388800 208223 4778 53524 393474 157677 52023 767655 850216 717853 688361 160812 716622 235970 
653203 814699 123468 846529 582912 132541 231697 365126 989625 112945 577995 908369 8734 124733 62994 3549 86369 450456 518381 811016 
252622 741142 11859 163418 338943 596232 699997 727249 686440 254865 347727 152596 185948 251274 865031 925581 671608 721666 875961 897911 
731357 986399 804385 670913 556793 110319 232682 709313 428861 991374 698067 331601 95659 359597 723505 321085 96433 705305 818584 161029 
145088 574957 917746 972950 285689 818594 651649 121678 380760 101613 550410 53204 951549 112464 673221 132692 628534 28519 603636 519481 
324298 217044 778188 634709 754045 252751 86629 722416 276251 515672 342867 582519 229489 313454 761174 366030 800259 973841 894693 959401 
208376 899809 119300 914474 198968 369628 886412 733388 847965 677337 812630 598323 206984 245782 242484 517975 256763 159345 305878 411244 
267601 772443 272537 952617 740350 526164 987104 682958 306725 637353 899706 148912 389209 838781 917115 643639 498963 319628 433333 231920 
344944 418291 196878 989920 199376 558471 774513 395611 558237 628256 204830 656058 641154 401115 487384 230007 260702 298308 745255 72872 
746812 450938 4778 275063 667970 862931 127185 785040 126809 124470 222907 825472 399359 396459 824635 610174 999921 512598 84200 127748 
954295 112716 213989 917394 735581 63349 787849 386572 642474 77107 711888 98950 912912 664225 901914 528186 730073 323075 517937 161611 
395493 227898 846907 524759 859185 90567 597758 328972 148053 269272 226285 477956 240548 194032 71578 667248 892470 789863 894826 659335 
387595 765624 347968 604772 349150 896652 991910 839474 987587 77640 152409 527819 187386 159901 361616 70023 748017 502906 620700 63122 
931827 827232 915995 941117 467208 959963 958977 633929 83938 474676 315356 994851 463971 19825 522716 800902 792520 547833 678786 10059 
251632 310919 614199 496043 53424 836409 634402 407524 606320 961175 199470 600452 216172 36524 50530 761651 217016 585808 233798 64487 
