2972959717894452000
1
1328822258400
2
3
4
51636564579600
220098963684600
2657644516800
5
6
217567350
7
8
903421366848000
37516602483360
9
10
11
5212486914282648000
12
13
1045391470729105500
14
15
4656977325
17
600273308194560000
16
1806842733696000
19
75033204966720
18
87277735674904320
3617718598494000
21
8259883225513920000
203413033329620400
20
333086456102400
23
10702851567408000
22
25
3118046517505920
24
27
26
29
2855026766592000
28
870269400
9313954650
31
30
869736320662809600
34
35
3613685467392000
32
33
38
649646437440000
39
36
8494326640800
3202754385600
37
854869033130112000
42
43
413831094739920
40
210210
41
406826066659240800
46
48594546000
47
3468226094424000
693137053889280
44
3488400
45
51
50
49
48
55
54
53
12906067539865500
52
4181565882916422000
59
58
57
909742383229680000
56
1771619850
103068905940000
236213811785952000
62
462252517650
1740538800
18627909300
61
60
858468961350
1739472641325619200
70
4260710890800
1071902928096
792803819808000
10589593878864000
2691390240
66
78
72
963256641066720000
84
643242600
420420
97189092000
6936452188848000
6257487292056000
570764460434968800
1927583658000
6976800
91
90
487234828080000
110
3412894260435660
22124687211198000
95800676400
25812135079731000
8363131765832844000
105
101674742400
14264970785520
3543239700
23256762418890000
126
84902831302798080
3481077600
37255818600
148502003562080
120
1893102354000
31556720475
136
183918600081216000
43790142876480
79919739900
140
631456337191680000
1585607639616000
58285466309070000
132
27935107200
125318793600
153
37119601398880
4895979169961880000
156
2120489280
85775710418798400
1365157704174264000
171
344943986974587000
168
1286485200
2039422485481920000
8787222003880320
27876164123808000
593452020601440000
145422675
840840
317370445920
42093627986329920
690471142143552000
165
317657340
11120321520000
212396997227500800
190
19981166592240
330442912800
6689282229630000
56725827624385920
176079170947680000
182
13953600
2309482122315568200
2978222662800
180
249336801329616000
974469656160000
57995665225610112
1783808594568000
23566659832235520
2568100765230
220
1628611498800
6825788520871320
12875774670
20540331459648000
191601352800
22297607432100
136210408534200
19428841662048000
51624270159462000
1420776758681280000
1407929402880000
590534529464880000
210
14406289328340
91103831255052000
485195937722496000
28529941571040
231
129199870800
226068307264800
72938313000
415570065829518600
252
253
5736673800
5046360719400
240
63113440950
272
15584018578128000
668152825179840
276
1312759571760
280
6928446366946704600
286
1262912674383360000
5282375128430400000
2203961430
2564607099390336000
48432384000
48736199101590000
81848167632000
3051195499944306000
306
3946800
438367129200
98490500327583000
2857306822690320
70200
1531832889095308800
4240978560
46718796524400
10853155795482000
483975732240
300
245157
1408831480056
74127157152048000
413053641000
11027180402784000
342
303141058458638400
3508090762176000
49572677700
336
2572970400
224729472240
55752328247616000
351
150925003669440000
5916832225920
1415721106800
1515495209260032000
1681680
325
17607686956860
50631495733318500
183435768945
476721000
330
35953410713220
84187255972659840
2310456846297600
635314680
102722781700
22240643040000
266006544804000
380
39962333184480
22957480
5191778592000
233018297781469200
378
2242502233171200
1175035000790851200
1663528929334272000
36430173299520000
34091857800
364
27907200
4618964244631136400
5956445325600
360
34596555840
323717854838400
688096057133721600
5329574128420542000
1548728104783860000
4251848612147136000
239759219700
1948939312320000
3098193874776000
288304632
455052568058088
115991330451220224
9341268300
368685071098344000
406
34233885766080
10852800
58663725120
1093245975060624000
9199952546400
4316455104945984000
3567617189136000
1032731291592000
9072965480525446500
20422788194952000
70278
112560571802952000
26644784598432000
780100082409648000
66638301561314340
3257222997600
4855767822576000
56275622643240000
23975921970000
88498748844792000
435
2835363761065836000
2926997232999840000
103248540318924000
2815858805760000
95762356129440000
2841553517362560000
1138990507200
313169477100480
420
56189515200
970391875444992000
6905065527360000
105300
465
462
258399741600
76577641686000
455
2608580310336000
62451725656320000
2444321880
38282736492000
3372057615839012100
9438140712000
786067727445000
9679223654100
504
1602320455623888000
506
1169668778438160000
539706271104
11473347600
637073595281323200
496
68832360212616000
648612625080420000
896251356000
115154348400
495
2543365802577600
926269344000
2319959400
103970558083392000
750688163596800
208797757868700
31168037156256000
1336305650359680
1374365956080
49612934958444000
552
2296964189520000
49614426493632000
91642320
1159525191825000
561
7458477888752748000
560
25530548151588480
5875175003954256000
2717926002071280000
120700735965810
96864768000
3382801806384000
4779046690979299200
20098179901800
2083743268254648000
528
26361666011640960
343006888770
4690025233010076960
175248151791672960
1592977479206256000
13340783196
6102390999888612000
328518082832940000
19211338364400
1811950668047520
2139523848000
779200928906400000
3514334594752800
5321992941893628000
131011287907500
1182665098198584000
2268291008852668800
16860919046400
5471766697116720
7893600
630
876734258400
24084903433500
54132331867614000
130520182736829600
3916783335969504000
15736284610200
1159604076758400
3613652746343640
175560
4007319062947200
990195791270400
19771249508730720
10404678283272000
595
21706311590964000
84672315
490314
600
201504843523526400
448819735050086400
115437174652800000
189529663172850
826107282000
1041528987041400
3007203989009220000
443521650
495592993530835200
3196789596000
680
143416845
2581828228980000
7016181524352000
3534998974835328000
289978326128050560
2194553994633000
138307634812226880
111504656495232000
702
703
244527755472000
85288348427782500
172982779200
234027035001302400
10274868186660
1963888319352960
3363360
111796299014400
650
8203443534000
32175479700
580770878688000
151544964963974400
979110
17288454351528360
36100888223400
626444778960
44143289190
3828882084300
5624138375856000
666
6603607395
775225413963000
660
953442000
2317817502000
222039871653600
4620913692595200
2914326249307200
1270629360
44481286080000
7459452000
532013089608000
38798760
3407201830524492000
941723502720
741
416959932270420
237028852362021720
11131441841520
14902327440
346954031424000
174226025773800
273825237174489000
16564086
756
466036595562938400
715
108687555678489480
29977781049216000
163114560
33798478633920000
3327057858668544000
462091369259520
4646027353968000
296642903356800
1350614943437760
4622078237376600000
7146019520640
54029074465416960
720
647435709676800
69193111680
207804132559296000
528288591600
820
8503697224294272000
3097456209567720000
67580862754204800
1447087439397600000
816
920873825071200
16816800
6196387749552000
1560780
376209256222800
3706773840000
93861960192000
150179695009344000
5889651768
18682536600
737370142196688000
812
23471165718000
1686027420
50055782486389680
2186491950121248000
50393418389600
977965238250
8632910209891968000
2065462583184000
145249632
251063485825152
5519103791593392000
1084073049259200
792
1549629900
733583266416000
2484587021597160480
31089583506345
140556
225121143605904000
5767482232512000
780
37581505500
8039271960720
713797869918672000
22223497509813600
129737084400
3646660347281952000
436042100894400
6514445995200
7148553482444774400
391091500800
32479399120568400
115299157881600
32944557600864
112551245286480000
1585456834541580000
47951843940000
12180870702000
91322313669595008
870
10491383935632600
3398220
64692791696332800
445257673660800
1897506
3833313561000
231527029806072000
171007200
7592645740680
21250934424720000
5670727522131672000
25886455713518400
37322764440192000
2023898516640000
193288402711404000
858
1223066700932076000
441768600
181828615989384000
861
206497080637848000
361913666400
73766520828000
191524712258880000
5631717611520000
857728126886400
626338954200960
14841922455360
573271247577600
840
247118256
49958971122060000
245700
466927411860
702479335919961600
112379030400
5627490372504000
812854224000
584629184170231200
946
19224940775040
201434571564145920
33030724708800
6071014170752731200
49177680552000
4613186741800
8719664137927142400
370117414031904000
5460630816697056
210600
17838085945680000
930
44482699800
924
222381471456144000
516799483200
29002073100
245520
5840976960
11861676288000
925240155840000
74289977389948320
5217160620672000
2043156128013000
40476753462600
903
46312074900
24141957840
93791506208400
236052866649600
296726010300720
2223046425600
3293038924100640
7418150257518000
3942216993995280
1904871215126880
76565472984000
18876281424000
5047706415591840000
453839737665600
3204640911247776000
56219403240000
1001
27380811150
10270165729824
45208800
1274147190562646400
14192692800
992
298718440553988000
450978066
505625240363443200
990
35420
1497195078627600
28680150088590000
79001274844800
20049120
26701306632
5086731605155200
7571343780000
2445544040940
969
44014995984960
148728580
290044850526288000
4351347000
26715460419648000
74356652994624000
273859555200
19711011640320000
86136157107000
953063449097760000
5184665163091814400
94550880314479680
1092
3331419331141440
48722860368
3542000
48454560
6100484544
1272022016729143680
194893931232000
5097330
62336074312512000
47784448412064000
506854585036800
57769682230260000
293636070
1128
375866867376000
33039532902055680
1133836704000
2920802529861216000
51002242619328000
1122
1120
651819168000
727793906583744000
445435216786560
80103919896000
3711748923577094400
5549524806736310400
5435852004142560000
1140
454172464746000
11184624182160
650238220632000
146748615156
1035
2489031721099123200
36136854673920000
2980465488000
168541746787814400
8532235651089150
693609647335113600
609094186105204800
2782560
119487376221595200
5160296121778717920
40196359803600
1108186842212049600
4167486536509296000
217538398451404800
2057260912337030400
164068870680
16522145640
180215634011212800
588724259925151350
154355993535744000
306957941690400
3215749865328000
1056
20720700
1325624615563248000
60403728840
1623335268555000
699669595567800
1081
97566574433328
6676335231766200000
15960392688240000
516300642000
4267863600
10018297657368000
83237426266176000
901350450
19192391400
3583833630904800
1225
5190977391600
665514380784953700
2365330196397168000
21875849424000
908107200
40098866001093900
25795471572121680
432456948000
1260
8109703530504576000
1753468516800
633549184632
5553982803600
6570361656658800
8561520
317444400
2574330271951838400
7833566671939008000
46495680
82157866560
1275
17599117536
7921566330163200
494010316800
100898946720
324337467738984480
101515697684200800
17520964417756800
792789258105187200
30278164316400
2522811437314039872
41064607584000
39907296
899510451840000
346568526944640000
22921198872000
1176
902012545986552000
270603763795965600
6353146800
15056886443098500
2756263910400
1190
8886372485760
1149994068300
3483301360
43412623181928000
3110799097855088640
2996990246250
52331045326680120
75764315088
403009687047052800
42354312
38224415716879392
83519103147480
4384372679406720
379059326345700
1788279292800
1652214564000
936990054000
7576292349853920
360540180
3315145770256320000
6014407978018440000
876506400
5029535511000
3343048982547674400
1365
997377189000192000
6393579192000
1562275
1301450344646131680
1348376833440
2444321880000
14032363048704000
8758028575296
22480365600
36036
579956652256101120
4389107989266000
931395465
1322809488000
858385958369940000
280902911313024000
1406
521248691428264800
1659391212145590
255218243280
3645467692798932000
2482104916680480
55767489745968000
5364879520
30013665409728000
4212540445012099200
76205083500
34634022093216000
10188656478000
30452176755000
170576696855565000
125890276881600
16672848192000
345965558400
1051257865065408000
71927765910000
1910097995900094000
7805325954666240
5333065920
27390093258528000
1163381400
1378
2083124395885104000
108162054000
62126738372160
19845770597452800
3927776638705920
6726720
321085547022240000
445431759367795200
1328957852508000
122792014022148900
1652309884071000
35990
781403725595493000
1923455324542752000
713897184000
1179205990316640
16406887068000
1161541757376000
2153331180
25140840660
706829760
1958220
72201776446800
11615460785878950
1287
39997994400
2730350288433768000
3388073211268855200
4635045364950
30723755924862000
88286578380
105635990363904000
1984729277607199200
408186688955760
7775127360
352633476166171200
38567100
1330
1332
1550450827926000
873154260178200
1320
14991840864
886163135
32370046800
1906884000
16101860100516960
668304
9241827385190400
158545683454158000
1326
446775310800
35557596015701760
454634894891923200
163601438000
6044040109800
5828652498614400
515057400
2541258720
13692977760
1492260
4976259690402000
141626561491800
6814403661048984000
77597520
525067363160340000
1618589274192000
5221616400
157531148611200
3942216993995280000
35910
3712555350
2382658622744400
90942317537591520
35904
5583833073000
15399227844000
865778809896000
29664290335680
1485
67074339522516480
823727520000
1141637500523520000
1482
102157806400650
833919864540840
29804654880
625141773819763200
1040895175320000
348452051547600
6486854220000
109435333942334400
547650474348978000
35960
20671979328
515520683830152000
50867316051552000
132326164833408000
7268184000
1512
864110860515302400
1299253539145161600
106260
27990458496000
1431
132177165120
