114836762086200
194389398126000
1833241410000
20326980754080000
5960930976000
133989577722000
15824781508536000
141073705080
1638189245009116800
282172800
324041572693238400
424546445507184000
108901623600
30626189193600
1124076850246350
14950
1387219294670227200
901956132000
221211042659006400
6483405600
536878650
2341597786399872
20951330400
80271386755560000
4280561376
4478530320
847018302817213800
92336063013844650
6099606074225664000
31920785376480000
1362880732209796800
1101743895455002800
21872108727869400
8658619828404480
254829438112529280
118501912267200
79077841920
7220177644680
203863839379200
17227231421400
33044291280
39368968630992000
1416265614918000
105020765740800
76224749328000
11945146838625
26815597760565900
25700298624
3830494245177600
17100720
184064139168
1759911753600
39382787152800
14880
285409375130880000
204551146800
155427910157520
10216206000
248461290
33081541208352000
6104077926186240000
172372241032992000
9380047650246000
71658905947200
4765317245488800
17643225600
944177076612000
1731557619792000
269100267980544000
158843908182960
59328580671360
736281000
2287352277834624000
588965176800
983921377554561600
77519922480
29405814407424000
123774473908800
22563055139625
783356667193900800
92906697633750
328074738591600
78186304875435120
9952519380804000
1318083300582048
2961840
15542791015752000
8348581381140000
619491241913544000
61949124191354400
9404913672
33878301256800
791960289120000
39540177600
47314688498597520
6046560
21682112804352000
532613252071929600
612946838403900
28712052369000
433692539280000
6054048000
119599383103200
1734770157120000
1031041367660304000
41345355411360
25564265344800
36679163320800
101734632103104000
52456919678163000
328883508954000
1728221721030604800
310186854035058000
3520674857700
45780584446396800
135513205027200
59609309760
106858629141264000
1250283547639526400
24711825600
340243651327900320
7090581680
4808643120
4818959145000
103260128400
1398851191417680
8571920468070960
42471573018754880
1442591493407064000
558282775050
671560012200
792356269264560000
124324200
140277737096640
3521402824932115200
207976652741088
202389851664000
39653149536
33522128640
6360110083645718400
30304769331564000
515344529700000
5770365973628256000
1452971520
708158599948800
822811444387732800
2233131100200
3030476933156400
9816086280000
19056187332000
46092926880
74944452623040000
635013559600
264354330240
441233078286000
89087043357312
1210951205912448000
329652081158400
5287657503558830400
81010393173309600
1027473750471168000
6500373021620478000
4213543669695360000
528950214249256800
165032631878400
5618951520
4375865239200
1706802389635464000
98847302400
117636261915900
13334098505888160
241181239899600000
187413595724678400
13752719323200
5177300581894240800
442985950836000
183122337785587200
7669695
86577880989600
3245372870670
312948876240000
24135207033600
63356823129600
1723722410329920000
7860274162794900
2630851749145620
34106002257600
107550162720
8941396464000
76837574895681600
240638388410420
194876589600
330148445526900000
25827165
1929449919196800
75497944501980
5250960
67303966569840
67985386560
132490795645010
50886591275520
8778215978532000
5975009040
152601948154656000
5363119552113180
40334204896057800
36578724
5646788685448092000
9589876974216000
12748164000
1086008
1311422991954075000
1681876674878400
3270315756708000
2002900569529860000
1902548201449896000
1720240142834304000
203067496256625
4076889003106920
9364199760
7818730371423972000
19081898060940
7908499803492288
33345696384000
691931116800
45360
143855531820000
4272048
3820195991800188000
2728711422714420
1398851191417680000
2660486400
314747160
431765016883200
1637536289813424000
19522249554654000
69854659875
4166248791770208000
8196280092000
98856247543653600
561805822626048000
689488964131968000
4788117806472000
5311735
10101723133138560
722273204019407040
61565935678447200
111534979491936000
975112645838760
152410167000
20216497405104000
132446714400
19061268981955200
18302532000480
4582116
16865820972000
2323083514752000
7930629907200
4306662360
122522400
41912795925
2321561793435885000
775975200
1472412942000
5831345520
7628944752
606494922153120
45540
13933676156400
5943198191195865600
1374252079200000
1018383898440480
144403552893600
8649138960000
129963197604240000
4197677432621400
227908800
5556648715345728000
49962968415360000
1563933674160
7855553277411840
20654625831840
613062000270720
4631346720
371783264973120000
5289502142492568000
873408586050
76396320
642171094044480000
245584028044297800
3705077376
4466690698104835200
64740093600
604800
169911
317091366908316000
19914562703599200
3786806457000
11657304997228800
415573828750080000
5082517440
1649102495040000
12816627183360
6776146422537710400
30270240
1872686075420160000
8117109000
2174340801657024
90290221493472000
61447511849724000
1576886797598112000
782923692751200
224967600
176573156760
232016584800
50694309105640200
15550254720
253109001600
142202294720640
59950765346472000
699761462400
3197744477052325200
257259989226240000
42142136400
551271405484800
1624539970053000
683970837139590
1848629831368320000
114733476000
116880139335960000
2062184071147200
75102680156504
171781509900
15179238874800
1029530696964
1391975640
167960
129917596482273600
300489124522882680
46620
6527972226615840000
15956592594742800
54662298753031200
15260194815465600
2855191479674688000
1037836800
3411533937111300000
356948592
827368305560160
3085546002000
2544329563776000
118966311653112000
1173274502400
176493231314400
60741165925440
2856373062290748000
1369834705043925120
2409402996000
42876664871040000
7542478944000
55065888170092800
3672479651516676000
122895294801552
2541868560
1165709326181400
429600569858460000
455147303902790400
926108119224288000
227128665178800
646927916963328000
5759680110714129600
51681694264200
669947888610000
5490759600144000
230230
616209943789440000
400731906294720000
1957573800
61557375342563100
3701174140319040000
185596566403248000
73366321228200000
6341827338166320000
42072307200
1472581440
1272293568000
98604335730700800
529261140695253120
16368
411090962375808000
325269404460000
19985187366144000
33356093823360
16380
3170913669083160
139532613620400
4883760
2799045849600
22300931299046400
174231911788184250
255570221362856400
903421366848
492189984
4764860100
166786103592108000
52115567961600
194424943615943040
3150122317056000
4931936729596800
230300
2523018876156979200
168568545600
20247055308480
188848296
334639305000
60757794879982200
7119429680563200
83451500853177600
5073461870533056000
4065411275057632500
15048370248912000
104756652000
5916914950736275200
427447366714368000
2380278344400
995509341918000
83628492371424
5468201539198398000
905975334023760000
2765492472600
43452264947691600
44172388260
1419198117838300800
6986821503203942400
250179155388162000
118823494952448000
194090796900
184410179749635840
6186552213441600
179145348854472000
360189200
254298158400
605682
199835884488240000
122216094000
39167833359695040
301991778007920000
99210711600
16215
76767600
13042901551680000
104502571173000
19336323368419200
10056638592000
139380820619040
2859190347293280000
168168
4517123638952925000
1333409850588816
807206400
433210658680800
13287130046190
34596555840000
519852790416960000
130237869545784000
2315339903036160000
2218843106526103200
391527986850
11119073572807200
25254771696000
215030017854288000
257297040
241181239899600
1305594445323168000
4084557638990400
55657209207600000
657720
318891121108560
99561092450391000
92431491568416000
254425307479200
117386113965120
43143568314000
13357328642658000
5442489186076800
5889651768000
48767866547400
365015428923600
24556635335232000
991422039928320000
3248970177600
9924314400
34061188038777900
168245
68008882435494000
5654065697280
5497008316800000
693830190943169280
77220
6752488725360
206137811880
67463283888000
352716
47092546896595200
162570844800
60686307187038720
7624507592782080
6744109680
191090415859200
513508286491200
77751273600
595644532560
1313704286294400
30199177800792
18775670039126000
164490480
144547956446493600
231045684629760000
167651183700
708777521337600
28728706838832000
38164943456640000
224403121196654400
84694165920
441860782381200
2360528666496000
63756000
97675200
235489703970060540
169391506284000
49158009479779200
37469228341545000
1639868962590936000
23558607072
711901089900
514807675200
252439200
7584378605451648000
3862423550905920
1225224
1373550338160
561672059334946560
1308126302683200
4095525432650652000
479606122771776000
87782159785320000
650741651821800
29578416923775720
3719111760
14248245557145600
33390720
88484417063602560
295665174604800
23201658480
98491800548100960
1335773020982400
4336292197036800
3097444686336000
5517558002436480
41588223233356800
7802858647584000
657800
1822675727322450
3241475864250624000
631437354016560
2366765980294510080
17813250
6022754577239400
45946585011600
55620544379400
15794270692200
10794125422080
518466516309181440
754979445019800
3907136086373520000
1181886003930996000
352192394400
26978328
32818989294000
30981938747760000
28050390149581800
1454495230403315100
29599515805860000
1027539513000
462258137741400
2606210162514504
1264264092000
1126615954464000
253088191356
1487133059892480000
386242355090592
50091488286840000
6198519600
1130992861824000
698726868840000
147016983526459200
13217716512
22093039119060
21090682613
61841343564000
4037880
296541907200
28830463200
83485813811400000
633946309920
377123947200
428338310400
397096355040
2464735996800
14136595200
187769325744000
5583363372631044000
175522518542170800
3710480613840000
498841200
1602317316600
209554474668000
4329252761652000
44651641462599600
2497948556103000
443499411824469000
601894336682839200
137546862453000
1240323373961100
346340220932160
78088998218616000
51895935
7283751308841407400
7619484860507520
1533939
17417133617
885801794197320000
2085829097352000
766710664088569200
55576160640
2494800
8047319280
30324746107656000
18495711234000
60007698646896000
542657789774100000
8780991698999520
126353108781900
12991759648227360
5006386
1665432280512
658008
108690846264000
15840
279236803126554000
110049481842300000
129469978638000
2775880605239280000
14987960
575422127280000
472061304
15245235565560000
5550996791340
735471000
4860468606193200
1349265677760000
12221609400
689020572517200
46200
1231938227520
633568231296000
109523244600
8382280897710720
575527347326131200
943232899535388000
525060655451640
2347116571800
70864143535785600
133382785536000
1136464726320
15747732000
13948704
77520
1046620906533602400
46929569232
6701683275037296000
5527200
138786023376000
5898961137573504000
1160068104
888262354736757000
531005187886588800
22571792812800
278673523128000
7332965640
974457207360
3260725387920
1543559935357440000
772299081585551520
71700108480
867287738678961600
17869335976800
58227239070
120470149800
10524272286528000
3379620607042680
48910880818800
8093353321773720000
5153445297000
9877110004361600
2282507771544000
134776649367360000
38693207358182520
1124481574348070400
2090712309285600
61873054190473680
345945600
6307037530794000
6926804418643200
608014959552000
178293654000
3403798032492000
3106380349136544480
3902662977333120000
99100477476000
46650764160
15812550
277880803200
24198786612000
67603900
9085871548065312000
137472182354707200
151792388748000
32558400
581981400
795102988680000
7147975868233200
469544455860480000
98946149702400000
10477851122138400
1724425560
287711063640
540646902033638400
2576936167650
68142094020000
15347897084520000
529479693943200
30565969434000
20837432682546480
24864840
10426224494400
1760791709476800000
75614951333376000
729835714608
513307594800
8576568000
94106392380000
118959448608000
304980303711283200
185175900
31768781636592000
22841031978945180
3597045920788320000
19000467486000
2194479856800
86411086051530240
419236121304000
9626903526240
6876352785240338400
23621381178595200
85072747760000
119750400
3251416896000
155045082792600
46376
3113690025600
300652044000
66157642586906640
662585823900
2498148420768000
500709005119065600
15504
387180585792000
33762443626800
117355828590000
968330880
24738587209440
203546365102080
172848475800
914940911133849600
64314175685760
1266697832400
73946042309439300
5971575495600
1873365342132784500
115070764336528
610407792618624000
3337052165759312
99118598706167040
161336819584231200
10014364039680000
59890874472000
9153586499832918000
4669920
163818924500911680
15600
275955189579669600
79398827392204320
174605603172000
4708617513600
651552540628626000
22029527520
451712363895292500
2946796240227840000
5762818117176120
2547278673043104000
16082402379120
72983571460800
3370942083600
72282089880000
177930799200
42237882086400
3705369759000
2027772364225608
52401827751966000
253725270799000
11713349732792400
744080337000
3252329020046106000
8233430727600
6527972226615840
66029689105380000
490314000
30957699535776
23131003896000
192752239680
35980418073600
85900584
3038883622734960000
34656852694464000
11417105700
46512
908587154806531200
29857558142412000
175634573400
11102881870080000
5138373509849923200
642244647191074200
6432032674454400
2136104530560
3179207253222000
115315200
2373360
46313467200
281726673516288000
4780561500
19507146618960000
231302687616000
50473500
1964672224354382400
3466865611530921600
1397453737680
21753363789471600
22487761296
2403979904200
1080567600
16222178913804864
76609884903552000
28555253061385050
741271571520480000
2067197932800
1461704484240
19359029289600
9530312520960
4253045641598754000
141181040
4724319600
1386472373526240000
450450
832606818725682000
99044533658070000
8413113445578141300
39422169939952800
85628292750
151368900739056000
231533990303616000
2737640505600
8011602278119440000
580179600
2220075
317814000
2205403200
11688013933596000
69621552000
394660210744800
61779564000
3057957590688000
6296573162880000
6987268688400
297159909559793280
3716947451481264000
661187767811571000
53281800
3463115239584
3281898929400
15758480052413280
18552403069200000
90200631399278400
149606578350028800
11388968611020
182893620
1586850642747770400
1486479858947226000
4108911268000
7158829730052000
1898402906400
451710683424000
295260
1269914143417920
300136654097280000
166543228051200
55117062000
251020634273660160
1066517210404800
267154604196480
18170293214304000
48976871689746000
206915547369960
12635310878190000
3741655821007104
6453033769932750
454871191614840000
2515659960
252046080
519467285937600000
530122320
285382230217484400
963791829000
4628314374680997000
4768566325428906000
53732569857120
375048116543100
11628381209445000
42451415651399040
568310703472512000
946551177000
91959300040608000
2679791554440000
8236139400216000
20462041908000
13967553600
258850095435360
17550
10745460391622880
359055788040069120
32224114
302360510337600
185166612967564800
146303599642200
169624767610618320
21046813993164960
345235571071776000
1546033589100000
165221456400
88039585473840000
5550996791340000
32089678420800
55816229805336000
26251019308800
71676672618096000
28997832612805056
1014692374106611200
10270165729824000
2776831200
2217497059122345000
242597968861248000
1586217488708160000
64599935400
617726309600400
2248776129600
334076412589920
286097760
405080
1279935820800
692616776382531000
24368099550795000
167952439980864000
137005268400
20542569943896000
219183564600
1973400
3422050632000
149326401287700
3572238707541504000
858110090650612800
206526820500
15048403445088
112364736120
283236782400
209324181306720480
692623047916800
5461512
238360500
7830295200
703964701440
