10565771832
15088723650
35694859200
59955562098432000
79323575760
326229120
16761064320
78582928000500
545653905225549120
51369120
649815988021200
461287411200
12067603516800
31678411564800
275887396493280
175301280
399308628470972220
138386223360
255284852436900
1374721823547072000
1853386920
136251739423800
323674946595000
38320568
4541491738503720
386694308000
1640
1056577183200
12278317667616000
495711019964160000
23417943120
4540536000
19256560743420000
33633600
510610963031769600
365874654124980000
10822235123700000
35220787001400
1157669951518080000
5559536786403600
107515008927144000
752418512445600
130559444532316800
7413547680000
1153218528
27828604603800000
89713008
5266751656320
1653
9190997334571852800
58693056982560
4756370503624740000
1180264333248000
300359390018688000
8052806088600
8375045058946566000
497231859250183200
155840185781280
356878345824000
11779303536
1820210272232352
280836029667473280
81285422400
3372054840
5489645466803097600
95545207929600
42535086102966600
100111564972779360
57803768240400
49307624589468960
115522842314880000
550738188000
493855500218080
1620737932125312000
315718677008280
252987314580000
248372124000
100011553419360
3278512036800
1953568043186760000
1596
83309742054000
147832587302400
37035180
49245900274050480
2168146098518400
4248041503092710400
3099259800
370803629196
3174785358544800
565496430912000
5665448880
1540
1058148
148270953600
316973154960
1481566500654240
188561973600
1765731567600
489597916996188000
214169155200
11875500
1560
513769756500
231129068870700
4002866486210592000
147737700822151440
502216348948650
1427595739837344000
5173011383760
44446995019627200
305540235000
1771
1770
20712737580575040
27062414451072000
586637251200
382891410720
7765842296520
5586853480
259474168800
341985418569795
36720
924314915684160000
908523000
1031092035573600
782183001600
64958798241136800
66435650230950
230598315763200
30778687671281550
2938612301384760
3170913669083160000
36683160614100000
21036153600
2997384547412455200
24361741404000
3833553320442846000
205545481187904000
311128965137390400
185847372574063200
4776147511955820000
200300100
3795012
3144109665117960000
463054059612144000
342014400
1522351624794000
323463958481664000
1029732108780735360
25840847132100
3784770539550
33868926000
5771858732640000
3559714840281600
2610403654736592000
213723683357184000
18267282665758896
1711
214414200
3493410751601971200
1115084235444379200
386576805422808000
1716
2446133401864152000
83393051796054000
8821019011587552
65400834923424000
1722
412994161275696000
723827332800
2878785
8022411582780394800
3173704459200
147533041656000
383049424517760000
5028319296000
1190982410883064800
457805844463968000
16685260828796560
2104718616
277572046752
12151171515483000
1169267444064720
1146542495155200
19173347830
9747239820318000
1966481949600
1680
494236512
5412075275919312000
99917942244120000
19583916679847520
476260169700
2362591737792000
436676343950246400
491400
52251285586500
9279828320162400
250354502559532800
40555447284512160
1445479564464936000
68401682949600
12369293604720
230756456810880
70864693579680
4476780
374672760
41923612130400
253955520
13332664800
15884390818296000
2704156
9500233743000
4639686154471368000
645300976320
63803745720
6327204783900
1001115649727793600
209618060652000
42536373880000
774337892328
1625708448000
1169258368340462400
1892
38449881550080
3997037473228800
751671928327320
8413788240
36256399741900800
98355361104000
247855509982080
64722328786697400
33014844552690000
81909462250455840
35271600
6088154244639667200
8014397185594800
1473398120113920000
2557550729653920
407546259120
35676171891360000
88965399600
421200
32982049900800
444762942912288000
8527318605472867200
56949525360
370635785760240000
1033598966400
9060276018314921400
151426875600
9679514644800
491040
17328426347232000
619580461500
1715884494940
5551440935040000
209440
1068052265280
1830
3003346949183380800
1850480311680000
148579954779896640
1820
1858473725740632000
9276201534600000
45100315699639200
6043037146924377600
182713060530000
74803289175014400
5694484305510
577185873264
993438682486810560
1806
42814146375
115766995151808000
151894487199955500
2489320337949900
107147568528000
28120950
3809742430253760
16202078634661920
442900897098660000
1977619355712
80393746633200
2040
30003849323448000
1072283022366716160
159036696000
2081623796752500
7068297600
61523748
221838126928317900
1855240306920000
17540453810880000
825163159392000
10690445202877440
10038840
1215240
54765047434897800
3495954000
121958218041660000
2024
6409281822495552000
353379106080
2011327718400
2002
294583247902944000
174416840357760000
4191140448855360
1162800
18025855271424000
4758652466124480000
7873866000
1359614990321280000
523310453266801200
234030024722894400
265502593943294400
324667053711000
2548294381125292800
55024740921150000
25186064595728400
10962783631800
1176753600
1011250480726886400
24455440409400
4046676660886860000
45191427448527360
1117962990144000
1980
1045356154642800
4705319619000
466507641600
11285896406400
139336761564000
161230813969024800
11439082500300
78362994703593600
40098240
53402613264
4069800
118060746804000
237078127423800
4891088081880
1084095823903092000
5213112247200
700080873935520
880395854738400000
121041360
88029991969920
27686621927250
37807475666688000
6366548178900
4957110199641600
1187353796428800000
4288284000
297457160
1021873881600
8409383374392000
8702694000
234772227930240000
9116650868204880000
3573987934116600
49473074851200000
60003443276496720
148713305989248000
1083805632000
121019180460698520
541111756185000
1906126898195520000
172272314214000
3981050330400
6977028725667000
33321974400
189101760628959360
850377528000
939589910409150
2184
2702561400
177470501542654320
3364900
96909120
3373164194400
3106336918608
16535118600
64440085478769000
389787862464000
34749468833526720
10194660
102960
140943600
124672148625024000
180705224700
3871689461640
193584473082000
2274355958074200000
7765950872841361200
9292054707936
77920092890640000
3028410
783629947035936000
63752803274160000
115539364460520000
2218839061158720
587272140
189750600
2256
751733734752000
2482986568439520
1009272143880
5841605059722432000
234159778639987200
113338316931840000
841260420
107905951612800
59310266400
9134109748764000
5788349757590400
2300
231905038365000
389167575048252000
1456795813200
26767798121064
58313455200
173986995676830336
4503072666153600
5512714054848000
3668316061410000
93958991040915
317603122200
2804596080
809559406656000
908344929492000
22369248364320
786842888832000
1234217166581599200
671580
2070
6757030577895510
254432956377600
67761464225377104
17262663818400
229829654710656000
1218188372210409600
26676557107200
1605660228900
1007760
132670764220995000
539556888118248000
777139550787600
132517164780000
265487277369600
305319547653120000
51770019087072000
1441523160
17057669685556500
5565120
1630755601242768000
292699723299984000
11309760
11645447814000
632010198758400
2551132584000
2728269526127745600
529719470280
4553771662440000
4114521824674060800
205507902600
17699749768958400
892371480
360431268022425600
2300131992265707600
36177185984940000
11435424000
674632838880
1177448519850302700
503586428910364800
613915883380800
6431499730656000
126789261984
184371707520
11873537964288000
41441400
2651249231126496000
6904245860191680
3299260174736526000
260858031033600
17570024599188600
3246670537110000
1219281336000
1421219767578811200
453600
33264
2162
195133148866656
376049520
185338692000
94512125368861200
250806170815200
1032601284000
350064
12505534161120
78925552474368600
2012616400080
53336394023552640
3484625272128000
14456417976000
32489701776
379632825
57718587326400
5177228197680
9664420135570200
1802700900
938619601920000
64893904336800
7167667261809600
2450
847788600859200
46774543495680000
2448
362390133609504
60228091123200
37454912040
6580248480
14714429730
9316358251200
700781947866000
13891621788364320
4730660392794336000
3667247892748440
1118405061168912
1883917631760484320
1816214400
43751698848000
126273858480
2587997762149800
8992614801970800
22601448147735600
466283730472560
13970931975
9894614970240
1041455926929600
57575700
712412277857280000
11376314201452200
487635
4051844830313280
6459993540
2952672647324400
2520
300674088
32523169206528000
675307471718880000
30634182292428000
8153778006213840000
220508562193920000
5546493884851920000
8010391989600
1148467422960
802241158278039480
11107965607200
289092219707491200
9035261235000
1873461417077250
9414880718443200
17123040
2154807748745652000
5148660543903676800
634888800
34988073120
656155500
164315733120
3079845568800
282555281379571200
321574986532800000
20098436658300000
2550
265211661620505600
59262660026169600
35198235072
3063060
377112609900
217789079508000
3360192823483816320
81307923016320
34925745778000
2310
2509503796800
35041928835513600
203031395368401600
3657844008000
14122321077664800
31441096651179600
82129215168000
255218243280000
398291254071984000
70128083601576000
11256057180295200
2061378118800
401356933777800
693137053889280000
4443998711221555200
8017833902158080
89326385148000
11892057297120000
49674424800
2081661606648000
2688754068000
85765680
4778444841206400
2352
2051912511418770
5573470462560
8327161402560
383950604299011750
7783351500965040000
2724895043102232000
14519271967200
249794855610300
2827999179868262400
2380
1939938000
1771943803344000
2226288368304000
3519717692400
1023193138968000
358500542400
81036896606265600
4685990245970880
41783280
24031175968800
3515402800
27457584
1961256
7205159675179065600
66902793897139200
663508388400
1868004360231609600
1683023408974908000
4500519903871200
122864193375683760
262284598390815000
3576558585600
1873980108000
1667861035921080000
129722525016084000
303247461076560000
376595228737728
357655858560
721080360
90858715480653120
3322205086200
8472895200
6630291540512640000
1753012800
10059071022000
237314322685440
1327266255954038400
2239316860680900
204354000090240
327642034612052160
6686097965095348800
987373733265279360
1773376965360000
2730
142506
31537735951962240
3124550
1074427200
5297194702800
1528078396720075200
168302340897490800
1340353777958395200
4888643760000
56102466881260800
521242032502900800
9633961373400
24117815882160
44960731200
15437822400
28814090585880600
4525351318800
5587021440
72072
2120274636480000
5178066751
1716771916739880000
1461704484240000
2324784
309541572458118000
33649
1042497382856529600
2700346439110320000
635156121600
2595963299447232000
37520190600984000
8770226905440
7290935385597864000
4964209833360960
8425080890024198400
4108303295754134400
1166336388756000
22003487356490640
60904353510000
251780553763200
341153393711130000
24985644983560800
968020917505387200
2102515730130816000
27536909400
3726880532395740720
4919606887772808000
65053880892000
15610651909332480
531300
2772
10666131840
255415755844450278
91111748888160
54780186517056000
6926230479168000
2326762800
9835536110400
2756
2217600
6681476390516928000
992258699168880
5451138000
116154175737600
216324108000
20001147758832240
124253476744320
6952362391630656
4670010900579024000
561632400
20225652501600
117133497327924000
164910249504000
2477964967654176000
2934502354110096000
5689875058171200
33394325524560000
957942348935
33187824242911800
2657915705016000
1215155897599644000
3304619768142000
1562807451190986000
211652357236320
3846910649085504000
2600
1427794368000
220716445950
54117367920
409814004600
494049301200
392643451200
24081416026668000
83059865781750
5448643200
62466003600
15403045641984000
2508061708152000
205425699438960000
4401753531165144000
1413659520
4568648125690
13376329110144000
3916440
11869040412028800
418621723540020000
79995988800
2645370
537750813600
45057474
4604369125356000
32214733785234000
929259078801530400
9270090729900
66786643213290
45601121966400
57755880
6042733290316800
3969458555214398400
49775467095900
208011936691855296
705266952332342400
42550913585980800
371626790535000
8895258858245760000
1985481775200
3100901655852000
9266538153600
7825339610960256000
1746308520356400
833642409600
29983681728
111865139100
69598712401218000
21903663600
506839347705600
144018476752550400
1336608
1944249436159430400
2613478676822763750
2652
80260525800
312745219501740480
12088080219600
327202876000
1030114800
4284559593436122000
27385955520
3243240
857180548224000
1173861139651200000
437162079594240000
283253122983600
1476337800
2248036560
155195040
806626220400
63007278654196800
690424586019168
3003
3237178548384000
18318622138502400
811246800
5761615860
28588560
10443232800
315062297222400
23166312555684480
272489504310223200
7884433987990560000
1024125197495400000
71820
79394515200
365061060
5086470747124166400
37525605551280
8031343320000
30886315480020000
102660
30798455688000
64530337699327500
4584235190160225600
2125093442472000
381504870386640000
2970
6453758025
16224936
206490104620800
14082699430800
61391588338080
72907029092898000
11996602855776000
3326400
937684470714591600
3167841156480000
3169870830126
1055947052160
8804809860
12832689870000
2081790350640000
1144514611159920000
52381680951600
3265124779316400
696904103095200
12973708440000
1669716276228000
7102470375
1095300948697956000
70475037633000
31039008000
15983947980
3060
457230501000
2425979688612480000
4714351285644000
77100895872000
261946278053460
497433336101520
7965825081439680
3330864561024000
248298656843952
92348903517670800
15764451435532800
227688583122000
167797708650
13385572200
14788415980800
1232688367310400
474509988209537280
264652329666816000
5631738562850400
724204415794860
3024
376783526352096864
1009512504000
135626400
4716406364670000
212520
44525767366080000
847289520
2860
55980916992000
2862
313986271960080720
365364389950560
1082646637352280000
21131543664
6023507490
1265431134567600
1912224600
102080160
119911124196864000
71389718400
6621297515838720
976112477732700
243595493404263000
652458240
289417487879520
472733756
23535820
18902183596259040
2439164360833200
135378330837750
2765138033237580000
3803677859520
2361214936080000
169886292075019520
33245906300006400
1755643195706400
12178812998352
14795810188790400
117042879713760000
6162099437894400
446778885002486400
6314373540165600
395911220968383120
24152790150775440
6243215407578349200
102738240
455558744440800
253789244210502000
542052820108800
1299631976042400
2135169590400
1304604480994214400
2925
47853420615000
551774792986560
1688268679297200000
74101547520
9718909200
350602560
510569704873800
3365856
26600654480400
2749443647094144000
3706773840
3209426790570000
214593515136000
1606268664000
32949100800
685753637445676800
8932638514800000
647349893190000
2907
20022312994555872
1441440
113006820326400
1963217256000
149153518800
773388616000
230013199226570760
17894480978702592
2113154366400
236796126446880000
46835886240
757095550596000
28990101918960
228410319789451800
9081072000
1682757648000
38513121486840000
1443457914724425600
33796206070426800
9256638006000
153732210508800
1087170400828512000
3276
44496435503520
353930276700
67267200
591568338475514400
110016099200700
577614211574400
