731749308249960000
100322468326080
284747626800
2356665983223552000
1504837024891200
14827095360000
776667945440368800
179426016
9168119731871100
635841450644400
57341338094476800
892896404400
10533503312640
3306
5745741367766400
78665554528704000
162411609360000
3957845988096000
59053452946488000
600718780037376000
27003464391103200
311680371562560
9973771890001920
190487121512688
713756691648000
7858388341603800
3123300180
1725667302902400
722321771947776000
5552102556
879802713263073600
37210819870224000
262551914352000
62852101650
5314810765183920000
157864084297920000
7446314750041440
200223129945558720
32982049900800000
115607536480800
422232610800
698691036692880
4162981145659015680
131714875484992800
3163905911157591600
179663409435312000
1960229224800
1101476376000
19564352327520000
313374600
1106055213295032000
23465490048000
11266159544640000
1780356061804320000
505974629160000
3150
27877002177024000
341317488657600
230988417660000
6557024073600
167760759175336800
908298347700744000
46954445586048000
4864594688103150000
55595367864036000
211915132
579793500
1370754
23447876552100
46290177201840
3192
309003024330
166619484108000
977728752
6233607431251200
4459521486420000
825444193221648
25357852396800
4238943004296000
42561047168640000
7832297982551328
67327446062800
74070360
360556963767000
5075297955
269764879032000
32357676235500
308864160
8496083006185420800
6349570717089600
6753074717188800
2625303277258200
3263075976771072000
6029530997490000
13920995088000
1468793750988564000
3080
11330897760
2116296
5369526676800
152203856115991680
148926295000828800
2963133001308480
53392910313600
2228699321698449600
4215229761600
979195833992376000
3531463135200
33308645610240000
57206520
61809765217200
55252429504272000
360020659658980320
8130547869444000
120637888800
3885885151948800
799773523718400
28726775159862780
27171888919622370
34220
8005732972421184000
19688264481600
807300
204026647306482000
35324525035800
5646383542800
37104806138400
86738507856000
10461394944000
643149973065600
7503416352432000
784875781609920
4168212048000
262814466266352000
10346022767520
283532753943885600
88893990039254400
15572932174800
337094208360
50426637518400
3540
41425475161150080
54124828902144000
131128140
1009008
212402075154635520
1418145690609648000
15531684593040
593775
49973852728800
518948337600
992288529872640000
73440
76821544800
78779035129200
1817046000
8427087339390720
925240155840
311911674250176000
1190528539200
1305404100
232301367698400
7405302999489595200
461196631526400
324813384786290400
159316501628793600
30810497189472
862599648241980
1199015306929440000
24051721745568
167405449649550
5901403463793337500
93966716844000
6163366902000
6898879739491740000
30421755
1150511240420942400
1444035528936000
4602830573461120
3445329888
5994769094824910400
448565040
3403549657463155200
48723482808000
1096278363180000
7667106640885692000
8147739600
4410872161113600
335724285940243200
177100560
622257930274780800
371694745148126400
2162049120
2646102746327040000
13592880
678487883673600
15200373988800
67220721094800
7510773029760
1642590414164700
900409962291840000
5718380694586560
7590024
82675593000
3654565116631228800
86442271757641800
1496020807977696000
961247038752000
2160277151288256000
11118697941120
6288219330235920000
29744815456620
215145209707908480
3044703249588000
348840
2986528025754000
81084366934746120
3072382370038800
15147225828000
32763784900182336
1588286700
584629768800
5220807309473184000
559735676454240
140323630487040000
8602670636108640
43997793840000
386971244197200
554509643111424000
3422
43162380645120
3420
1564547400
106013731824000
428828400
2419878661200
105814800
799343537952960
38498069610000
3484638235763685000
21510032544
3432
773153610845616000
4060627907368032000
12026081760
2536730935266528
44963880
2406723474834118440
6502382206320000
1081944702000
4892266803728304000
1767074400
5497008316800
93699005400
705021000474510720
2237835600
3653643899505600
140156389573200
8455769784221760000
1415154818357280000
130801669846848000
6113860102350
825988322551392000
11297856862131840
4942365120
6498159880212000
5757570
1189092625906185000
295066083312000
766098849035520000
30440771223198336
248812984520100
81233562300508800
915611688927936000
67298000
33370521657593120
242355613248000
5606255582928000
245790047398896000
85417264582650
6555276000
32382376266240
3500692191360
2338534888129440
5199416318527200
154448910
19494479640636000
438120379479182400
3360
988473024
8494314603750976
292316861016180
14844575908435
49985845232400
42518876400
415158670080000
45320499677376000
873352687900492800
4641917845743360
982800
3027024
18559656640324800
764385960
72382733280
12943070494200
31568464620
79310874435408000
55484288207964000
4828029438632400
19068840
5846743244160
2890959128929872000
3614104494000
8217027977558400
712027089322848
23104568462976000
162901200
549151680
2601863216036884800
8953560
35112863914128000
455683461599866500
492112107887400
83847224260800
507911040
104915720
21452478208452720
667446532552800
51679948320
26665329600
3730269843780480000
1593015563659766400
59064793444800
2734481178000
34650
1290601952640
2002231299455587200
9101051361161760
1548675784656
3127452195017404800
114171057000
2338516736680924800
3780
3862683272448000
76899763100160
3996512729883273600
27192299806425600
2871685580400
3697259662736640
778337683200
658891152017280
214383324355200
27292271496890400
308554291645399800
196710722208000
211876
3519836601781500
45221482481175000
28334579232960000
314160
66371819342400
258926678303832000
72271536617280
40965098267184
57225730557996000
2405763191207376000
70543200
16028794371189600
5237832600
296087451578919000
1035445639536
5115101459307840
240371309178000
21842523266788224
770152282099200
71352343782720000
952785928706451840
65964099801600
2007835830000
67275066995136000
1146058797540056400
51622526155200
7950761280
5997600
13519391453568000
498684078995422320
5476504743489780
889525885824576000
214081549063691400
15751819663549200
108636528000
5420528201088000
8143669800
210584646684190350
6880960571337216000
302853751200
982080
254265345734400
1756198339799904
950919464880
16307556012427680
32382376266240000
15664849200
955229502391164000
16431573312
3660
29642958072000
8089517410474500
28048800
5359514640480
3202293188968473600
8526500564400
3654
130310508125725200
170687909446600
2087462520
3785779811693880000
2118223800
534827438852026320
1012961207578320000
562413837585600
1324298675700
6184134356400
3980122926629850000
16523700665472000
135509131157400
3397407502589100
26264480146160256
3946602107448000
78686790
4052128500
60894064991760
409384072453356000
96440944253940
161907013850400
365426121060000
79306299072000
1592686245150
13081263026832000
15391483919611800
10066392600264000
129866821484400
263586951335862
5304233232410112000
9120224393280
5293385370
1485799547798966400
193993800
294053760
91010513611617600
712412277857280
92945816243280000
19099080
303788974399911000
597380836372412400
111968293320576000
214295137056000
3204156795840
394221699399528000
32404157269323840
103776
46328881363380
149918408640000
8012376972600
75122281130720670
160787493266400
65703616566588000
206842076390040
38038449961512000
29498742000
1181069058929760
7939882739220432
4080
114390825003000
1771560
8661173098818240000
7985449929600
2144566044733432320
1416728961648000
46399141600812000
318073392000
2036934900
661525686581760000
2113942446055440000
1093998104184585600
793062990720
35080907621760000
1650326318784000
14871330598924800
2430480
109530094869795600
277355388315762900
46102544937408960
45020498114592000
243916436083320000
706758212160
103077446706
2322279359400
201801600
4060
1376078965807658112
108302664670200
4022655436800
4004
46262007792
3190187286
589166495805888000
982265413409280000
57102579947362950
2325600
468060049445788800
41122620
16962476761061832
830317340160
162685412955450
21945539946330000
40116600
649334107422000
184790734128000
117793035360000
9311702400
350419288355136000
3990
52158146040000
43486816033140480
21925567263600
34320
1803912264
3621022078974300
56654488800
4082923815934803840
1009470
37231573750207200
1220096908800
1411635142990800
40406892532554240
1017065166648102000
2353507200
3728208060720
6626529000
21660532934040000
15241016700
15297796800
3960
681258697119000
120215957783922000
135072686163542400
432925276165200
1303929700830900
30117537450
6820680636000
1731701104660800
34186320
332459063000064000
6039835560158400
7146110811840000
80196480
25521498288
145495350
8139600
2570735756061673200
106805226528
2619462780534600
2494365759600
562884083269200
236121493608000
6216210
1181483614584000
2825170508160
76245075927820800
211718707200
899261480197080000
78919711977645
3876
944485974432000
29338957147500
1400161747871040
242082720
59133254909929200
176059983939840
55373243854500
163075560124276800
9524356075634400
16592954835600
395424990174614400
221470376400
238196482176612960
563921995
594914320
1214813889184896000
804671573105400
807576
49571101996416000
48188059920
794801813305500
2312767303143897600
34440
141351642432
16818766748784000
270141900
19152471225888000
17297280
1744364160
17405388000
1854254001600
8910720
78792400262066400
13530188189798280
253240301894580000
356195430470880
524160
42960056985846000
120006886552993440
7480328917501440
121551690648187800
3357242859402432000
132530580
100951250400
373026984378048000
86308892767944000
344544628428000
13954057451334000
800472431850
355810354329830400
1512194005901779200
68532607347324120
1879179820818300
101270
4368
427285454833036800
2741188875414
416748653650929600
1366676233322400
1710072000
1642584303360000
1592049170651940000
78457339320360
457804947600
140016373200
6746328388800
240773923982592000
6212673837216
750086650645200
434126231819280000
58751750039542560
1031805241527060000
1096680
293465284912800
1705033819769280
23574878400150
438895971360
17668955304000
665280
2635869513358620
69498937667053440
20389320
49781736364367700
205920
193536720
6359558190960480
7682154480
281887200
9931946273758080
361410449400
19789229940480000
94783859040
2632378448700
6326086832060688
7743378923280
805820400
55221075
387168946164000
131553403581600
1309542023790
2884455710136000
19489393123200
29506608331200
63584145064440000
5501874498120
155840185781280000
170116401216762000
6056820
22151360
213642727416518400
127505606548320000
972093721238640
2240128548989210880
821292151680000
796024585325970000
120386961991296000
140251950747909000
3740164458750720
1174544280
1678621429701216000
379501200
43154446383972000
259596329944723200
4965973136879040
2575122181632000
14108640
86822636177277000
1044186904425384720
65776701790800
31792072532220000
226676633863680000
10357598291040000
558383307300
4495
34521229300958400
2140570313481600
18490100706
24890868182183850
11576699515180800
1287561090816000
51350828649120000
66300
961072385644800
6969443091011478000
106821363708259200
4936868666326396800
97620405409800
410646075840000
60193480995648000
83902896
2517805537632000
347973991353660672
1218404977539750
156106519093324800
937067978623392000
9006145332307200
18012290664614400
5403687199384320
10807374398768640
10238682781306980
7336632122820000
3350018023578626400
14673264245640000
888844320
125475189840
6700036047157252800
1619118813312000
44738496728640
2468434333163198400
16144128000
1343160
1393888618202295600
29346528491280000
13538927050084800
6423296287122000
12885893514093600
2164447024740000
195133148866656000
689089256856000
494730748512
799343537952960000
13983816
219988969200
10336338852840000
271217377772827200
25482979922400
3024388011803558400
138138000
85920113971692000
135522928450754208
819105086530130400
240013773105986880
14960657835002880
93078934375518
487832872166640
35319410172446400
34525327636800
459659309421312000
7448959705318560
3237399360
6714485718804864000
4941683640129600
93501300498606000
437901428764800
2258553417120000
53353114214400
1233724713439680000
3285168606720000
6615057994459200
1068213637082592000
265034329560000
621382127417251200
280032746400
561007802991636000
13492656777600
481547847965184000
123444408645043200
11895944860800
1663116607152000
2883046320
34115339371113000
868252463638560000
4200
835184548814616000
117503500079085120
2063610483054120000
4802348430980100
84473224617600
517730058189424080
586930569825600
54645259949280000
3758359641636600
2289827767312800
5669175486374400
3261511202485536000
426325028220
22619520
9667357700
23290895628000
83114765750016
90061453323072
35658730800
1059438940560
15966779400
180180
646021178302500
135896300103564000
1389203941821696000
1784742960
20544806121840
101296120757832000
7505374661644860000
266786622648000
4600263984531415200
72354371969880000
23955121258041600
1349265677760
2978563951018656000
1007172857820729600
6884875277280
99563472728735400
1227831766761600
4401499598496000
4145556542400
324963519907950
12862999461312000
98946149702400
47149756800300
23747075928576000
471497568003000
38068386631575300
35337910608000
156514818620160000
82882800
1732842634723200
70413497154000
13808491720383360
6598520349473052000
3805096402899792
949171773347277480
75957810500
35140049198377200
192651328213344000
6493341074220000
53148520184760
1101024156960
12429117949248000
907200
114367613891731200
2842439535157622400
15466380533604000
263106807163200
5100480
175034609568000
39270
2346557734521000
8031343320
752099040
3529864626288000
307237559248620000
748032891750144000
370677384000
36756720
311680371562560000
2460949920
600076986468960
15364308960
6775660251360000
194078375088998400
501612341630400
3544204701332295000
77864660874000
4290
440240493
2065202568000
35991929178943920
12652173664121376
499728028800
5264756897400
15486757846560
100947
20064493665216000
774337892328000
150346746950400
46628373047256000
1335773020982400000
5957127902037312000
1008282775500
519670385929094400
273438880
365456511663122880
2014345715641459200
54813918159000
759265650
6033983155200
10354456395360
19328840271140400
761019280579958400
2455663533523200
8802999196992000
3605401800
1877239203840000
19409079690
1292042356605000
7508984750467200
404674920
12840503826150
2778407883643392000
1695577201718400
5322259800
22440312119665440
202592241515664000
4896
19799007228000
24259796886124800
63826370378971200
144708743939760000
3465685269446400
5146542625127904000
25944505003216800
795964043463732000
1534530437792352
1876471317010442880
127363933652155200
1129719360
1335732864265800
424270
587722460276952000
29556282756000
13204498795488000
1898343546694554960
2643543302400
179400
29428859460
18632716502400
6324682864500
458933904000
100800
385302656426688000
53514257837040000
1479481255755360
12986682148440000
15962918400
50463607194000
106297040369520
69837768000
3632428800
160292762517888000
252547716960
197892299404800
1805044411170000
417225900
94299513600600
28231388640
47494151857152000
1942049679570000
5175995524299600
4960
199306950692850
45171068342400
76136773263150600
138523355276506200
44172388260000
70675821216000
932567460945120
442019436034176000
4693115469042000
27941863950
2538963567360
934374606412607360
16062686640
247751193690000
2333606220
12212781906124800
235372017961080
88440449273748000
4548711916148400
115151400
1525941224137249920
5005
614475118497240000
5752004349
362390133609504000
1496065783500288000
24806375193600
65044382955552000
