240593196006563400
623360743125120000
8447607844275600
39884521950
842354058546000
1887628142400
720761580000
9922586991688800
18943120620496800
2505573094424400
171619825667621760
5040
6602630296747716000
65046338413056000
1350614943437760000
61268364584856000
600429972931588800
441017124387840000
1430163000
16020783979200
2296934845920
1604482316556078960
22215931214400
733663212282000
25341967385280
3746922834154500
2265894259200
1243583340253800
511738760544
3065310001353600
4130405136000
52203731580
34246080
2187930431667380400
1559011157787283200
10529513794800
30973515693120
4261482225
1269777600
32687600
91494091113384960
63143735401656000
5446076851987200
40128987330432000
4222326108000
1548675784656000
428114062696320000
50035831077632400
3200897700
2712173777728272000
31167100166202000
69976146240
1312311000
30728617920
65780
1154371746528000
1070845776
328631466240
6159691137600
5226780773214000
643149973065600000
388156750177996800
1003224683260800
12709342800
7088409402664590000
118525320052339200
1195841704157100
86642131736160
70396470144
6126120
347540816480
5104364865600
2272989850440
684752331463200
1533325424400
168952156885512000
64796466042000
369802014120
361771859849400
4620
338807321126885520
406062790736803200
28244642155329600
679274312811494400
908514660715200
5435852004142560
73149328560
1505702278080000
20420400
11249646216449760
3160157752271520000
73122700406923440
172009870725957264
1314361138437547200
164258430336000
55593489705600
7722445500
796582508143968000
147965689872000
13742520792000
4420194360341760000
3680211187625132160
22512114360590400
4328894049480000
390266297733312000
3453450
195356804318676000
802713867555600
745603374112608
1386274107778560000
18494762735988000
8887997422443110400
3331056726287136000
16035667804316160
455126
218762171282200
257175851343840
85251690988464
2237543366625824400
6919311168
23023000
23784114594240000
187002600997212000
819300157996320000
210485445730560000
875802857529600
5377508136000
823727520
171531360
421254044501209920
9556889682412800
363337971796800
8005462517606400
1445430732345600
4675205573438400
992681435200
1802008169510028480
5651707681620
2098169183188718640
1882654757052451200
4103825022837540
1999433809296000
1638210173060260800
35715856176000
43370632305000
136882025280
8935691853055968000
5202679506315291000
10167474240
29921315670005760
132057652176450
767901208598023500
186157868751036
446631925740000
15338678264
39552387114240
14163171998976000
71172319680
235007000158170240
324469521684000
9604696861960200
2362772949532380
13166879140800
5655998359736524800
1970556429441600
1035460116378848160
6550564395375
21307411125
3986139013857000
278803877850388800
1301077617840000
4452576736608000
7039435384800
63354918463200
317904421695260400
14702688
717001084800
188498810304000
726638678160595200
50796565736716800
530683056883980000
2118760
31709136690831600
154143381974400
6570337213440000
54024597737510400
2476552882440
17380905979076640
2136427274165184000
1242764254834502400
8352597052800
1122015605983272000
53608007930400
26985313555200
9371980491941760
1172521435096440
39732
3124367780788800
23791889721600
3326233214304000
5766092640
56200914
1736504927277120000
607130370
417729312000
137680171200
1602927625178880000
48062351937600
3922512
961392273374332800
1103068603890
4479792038631000
2118877881120
15800788761357600
1768966344600
567305281886878080
20263826997691200
31933558800
242867821996800
512665087334400
509659598448000
206012394720
245728386751367520
1804518804368280
28989675
4845
6523022404971072000
63448699548326400
26574297750
31804119547200
66045
1234218400800
3747960216000
46581791256000
1900704693888000
132019319040840
3206853897520
13707540
1442160720
181717430961306240
64664600
1640688706800
616523707800
12489742780515000
8830566066549427200
1584935415063000
396364208635395000
15430551080630400
49612750387200
1898161435170
130088765911104000
581188608000
238902598230496200
273764050560000
13207375364040
3425304785019062400
46603659556293840
3506025600
165526740073094400
20118142044000
37544923752336000
12063788880
137135240731288800
186054099351120000
884038872068352000
1280359080
25776034191507600
55883727900
960269310
5460
5456
74959204320
285012
63075471903924480
32125373280
2148854400
24425563812249600
3095415724581180000
470744035922160
992774426143500
17345168788147200
9097423832296800
10594389405600
191588469787
1027486818666000
336604681794981600
1147334760
2701229886875520000
9777287520000
112204933762521600
225251021188753560
122536729169712000
2602966607287200
18700260099721200
386826487145280
1982009549520000
470245683600
15631917701400
19267922746800
48235631764320
845700451596000
480343978345271040
6590416502910240
3967126606869426000
2415841826580
625447888470405000
189189000
44431862428800
200480265933948000
57628181171761200
14404039650
32776380
1684708117092000
144144
621240229044864000
1441523160000
73916568637411500
37886241240993600
4196553574253040
975425068800
120267508532371200
3433543833479760000
130092676826112000
61947031386240
1002311646336000
82076500456750800
202927725
8522964450
11087444047680000
88341792
3986466775200
1792310643323928000
34718739931418400
1154074348800
126287470803312000
10892153703974400
80257974660864000
22124604902400
48694800
16661948410800
35432397000
856228125392640000
9966615258600
75040381201968000
40040
244662670200
1267098369264000
1561342762980000
74296586473200
621621000
2454021570
4375860863334760800
115084425456000
36342450144000
1850883434400
44006974712981280
386640512872614000
121808707020000
101773182551040000
503561107526400
22070232009745920
682306787422260000
640831359168
25418685600
78487578160992000
55073818800
686353797976
7453761064791481440
2391683408314200
4529876670118800
6213343563522950400
173284263472320
5544
1062600
21819433918726080
64792728000
690306744252565440
60579275328000
100071662155264800
889625721600
6401795400
62334200332404000
6004096888204800
6360823909440000
48939345
6272136927856800
45753634080
2707085271578688000
19671072220800
10453561546428000
12620256
1984517398337760
232308351475200
10902276000
432648216000
131231100
40002295517664480
13566444744352500
2873827046805
12067966310400
13904724783261312
20708912790720
40451305003200
21244757998464000
1522038561159916800
2940537600
201911899709520
143560261845000
17605998393984000
7210803600
17716173394920
377580
329820499008000
4955929935308352000
289912106887603200
11379750116342400
66788651049120000
12368268712800000
1752096441775680000
1184040
14847840559552
2821474101600
8447576417280000
761866560
4506463817856000
1915884697870
5315831410032000
2179485
342615479684177700
6296516148932100
117793035360
14872858
2016565551000
4795184394000
423304714472640
7086414353578560
4028691431282918400
630630
441432891900
3040074797760
65627548272000
196913935764000
405184483031328000
3234639584816640000
63246828645000
819628009200
105371900387994240
785286902400
1376647204252320
1350726861635424000
36958146825600
2093761264736641500
31891734201600
39598014456000
311706198838944000
44975522592000
84146400
52617034982912400
114152892086993760
14729162395147200
10897286400
123927754991040000
1600091820706579200
127652740757942400
66763352317662000
289417487879520000
875160
6957151150950000
25254771696
5817980921613260400
590647934448000
15017969500934400
2827319040
40320
964712635286400
26752658220288000
1170428797137600
25681007652300
106805226528000
837243447080040000
10533859174238400
56893412987848800
124276425483450240
92183082420
5290740
1075501627200
22813670880
26408997590976000
9208738250712000
1858518157603060800
64429467570468000
1404514556565120000
594797243040
16735679449896
18540181459800
111357939841948800
12649365729000
917867808000
212439842237700
15617799643723200
91202243932800
115511760
2639408139789220800
828786442564080000
25973364296880000
906192
11652298077420000
115321852800
8900338616535600
3687323296800
6931370538892800
165164428771914000
237011831420364000
2535785239680
5313
1410533904664684800
3069060875584704
2932221600
743253581070000
2671465728531600
12843421880889600
6297026360110200
4914630519180782400
4803439783452710400
1175444920553904000
3492617040712800
1667284819200
35970459207883200
441492627155580000
139197424802436000
436995631800
398613901385700
43807327200
4683195572799744000
152273546526301200
84716751030912000
277046710553012400
291732827782556160
18643560
283459176000
141053390466468480
88344776520000
4076350421
10094700
1258543440
80123769726000
6867751690800
7264857600
5476504743489780000
123502579200
505095433920
32308782859535
35341488000
114792308331120
3610088822340000
1337068597130065800
247365374256000
188599027201200
1343590116408540
54771911040
6486480
101569669315229115
94988303714304000
3884099359140000
333816761588310000
21227322275359200
29899845775800
3941112858883200
3697103995200
57718064698544250
8363331709213773600
11445146111599200
42614822250
14224687645428000
7759752000
4933252634310000
2602155235680000
5379616
7117005772800
1905944040
5969040
1275564484434240
4785342061500
566506245967200
150570227808
24522480010828800
53648378784000
2100269452641360000
17620076360
430930602582480000
362110796863200
126014557308393600
369725966273664000
6006
1380849172038336
1620156202064400
5542757093557363680
8168160
6474357096768000
456011219664000
5985
1622493600
5984
7343968754942820000
26333758281600
57177120
22338944250124320
20886465600
630124594444800
16705194105600
38507614104960000
9085230
2244031211966544000
107216015860800
1966582800
143640
158789030400
2525430783284640
33111678600
9366819
8628713662800
150017330129040
75051211102560
9875159355600
3473009854554240000
129060675398655000
126709836926400
34918884
1434002169600
5940
1061366113767960000
22572555373368000
63418273381663200
178365
246473599680
2501707036752
118030185
32449872
34761811958153280
123512325300
412980209241600
262740857258880
53379239760
1222415964249480
580753419246000
622738005120000
584400696679800000
932431500
52913089309080
6652800
881276250593138400
31601577522715200
4444699501962720
1189205729712000
6335682312960000
1134610563773756160
17609619720
40527653995382400
151584480450
16628040
81226998502650
693373122306184320
211947150214800
11693635873920000
27757204675200
3339432552456000
3924378908049600
101745
4537567650
520593321457440
2476332579664944000
879929423100
1922784546748665600
121399651100
1417282870715712000
3254608533273926400
8959584077262000
914461002000
143840
2654033553600
4851959377224960000
23145826620945600
3365245378231256520
2044321098314695200
9428702571288000
7251121263157200
154201791744000
72176442490152000
7495920432000
735145360185600
93163582512000
58539944659996800
209513304
3239636400
26976487903200
195071466189600
523892556106920
43066623600
5755273473261312000
6178392652684412160
20067846688890000
31528902871065600
476531724548880
135961499032128000
6357493831040352000
39621644370
219630384005760
26771144400
29576831961600
6072
2703234510168192000
529304659333632000
11263477125700800
1429178893059677760
7804019259472936500
250170703675200
141365952
27569305764000
63608239094400
2019025008000
4315665954600
271252800
27172711566000
4778058735450
10871704008285120
5254817145177600
9307893437551800
5693785574400
3011404556160000
425040
89051534732160000
451040240851200
1694579040
728893991105280
6320315504543040000
40920
1082313190413000
2628722276875094400
344019741451914528
730728779901120
3569485920000
5189483376000
7581186526914000
740530299948959520
9647249595984000
2165293274704560000
24986401440
578191825785974400
129592932084000
43836712920
31678529416033500
33046197681420000
303703472296224000
723543719698800
10038015187200
318891573000
87779194272
3575880
812125581473606400
677614642253771040
2530862269135200
3824449200
269853135552000
1877182769280
1443084253884000
15168418935269600
9756950761958400
2772548215557120000
19133467266513600
36989525471976000
6662113452574272000
20629078984800
456273417600
32071335608632320
325594673864460000
6600098400
47071640
73502854064640000
37842225184764000
698377680
5530276066475160000
4878328721666400
270756661675500
111186979411200
684677715321600
15444891000
579158634600
4722429872160000
225308040469512
52124203250290080
376992
8532137683238400
70431668379072000
27485041584000
29591620377580800
8840388720683520000
234085759427520000
2578632294465126900
2382578130240
32157498653280000
316251
374005201994424000
149876913366180000
893557770004972800
34901442000
260757900
420970891461120000
1751605715059200
274069590795000
6873609117735360000
205476480
507578488421004000
2599263952084800
8078512363079558400
2537892442105020000
4270339180800
1954657621885878000
2609208961988428800
19113779364825600
925833064837824000
8095594066560
3784528314235468800
7064905007160000
2773548826448400
8476658441387136000
12209400
321951874717200
798019634412000
372255538200
1103549585973120
3376537358594400000
631765543909500
2919342858432000
240240
396994136961021600
24310338129637560
10863066236922900
19025482014498960
47568229188480000
871159558940921250
2751237046057500
80785204416000
76938289920
19437818400
3598041807360
701205120
2493442972500480
1535802417196047000
103789667520
986043357307008000
32559467386446000
49008960
536483787840
1021139409747600
2330182977814692000
53201308960800
7676081408160
1360622296519200
520431047136000
5498887294188288000
142344639360
201825200985408000
385131214868400
263346479355960000
603503679829050
451763061750
9276201534600
2615348736000
2890861464691200
588577189200
1832266800
3604016339020056960
11303415363240
1223183036275200
7207615800
602484460196256
5814
47639296435322592
71431712352000
534522260143872
677566025136000
13996036665072000
2816539886160000
2882880
4235091514086069000
3584621286647856000
4464482022000
69437479862836800
314457495
2308148697600
35730554059200
981608628
5426577897741000
5947115922370022400
4226308732800
160515949321728000
482718652416000
1514191101192000
8953800049827360
1712456250785280000
19933230517200
18162144000
118920572971200
2189507143824000
2886915829448851200
2004623292672000
18513276012000
3698071844210172000
1121251116585600
126669783240
24660948312000
831764464667136000
2174340801657024000
344048028566860800
7828470999360
1754045381088000
4043299481020800
75462501834720000
2958416112960
22174888095360000
757747604630016000
134534400
6545
1155228423148800
220032198401400
3147471600
646626422970
305157790080
72684900288000
233360291311840
2607907302000
2976865589617920000
200644936652160
1463498616499920000
47881178064720000
867359002770
569495253600
32113204578000
4747434452560800
1114694092512000
2125924306073568000
29331862560
3009674049782400
2923168610161800
29654190720000
57819182578597440
18336239463742200
1463498616499920
1271682901288800
88403887206835200
463134672000
51985279041696000
16476041257275600
124907421038400
2018016000
207786914375040
4908043140
1365157704174264
73547100
166228026331807440
65160480
434868160331404800
324823218720000
6435
193318884085367040
3643017329952000
1734113047212000
1564371823014000
24297273000
88210190115875520
5188901000643360000
1315101387600
118106905892976000
116396280
18758301241680
945430460406432000
25228150123176000
43638867837452160
1808859299247000
4129941612756960000
3646550719445634000
5351425783704000
1227430199595600
713174616000
1427513383296000
243617414040000
21194715021480000
78059810400
50837371200
7132485392760
1444643543895552000
199536480
6294830361379560000
306771184137600
116573049972288000
3629265614164270080
396401909904000
207900
8269071082272000
110147637600
