74421639740448000
163363200
481628320533360000
710376180905160
37023
525103828704000
1019711242740960000
395006374224
71477343907200
8182867997304000
12544273855713600
232908956280
6358088433905208000
14724129420
91507268160
1489111331400
21895071438240
82178225360
315728168595840000
6375600
3052038963093120
14892629500082880
22968865920
11324691675297000
1539654748210378800
400446259891117440
42887855209399200
844465221600
1380613488505130880
113034153632400
1104421500
844961965848000
121158550656000
17208090053154000
200143324310529600
263429750969985600
124668400664808000
178008710880
12008193776409600
62891499
12721647818880000
359326818870624000
3920458449600
2202952752000
401773079158920
9714420831024000
710388379340640000
2310789600
3400149507955200
56317385628504000
282339434272404600
547528101120000
477805196460992400
626749200
6850609570038124800
2212110426590064000
320018364141315840
1864008435281520
33790431377102400
723543719698800000
7012051200
1853386920000
46930980096000
736281
75089847504672000
22532319089280000
341643774795
314427090978000
5996736345600
6413707795040
395784598809600000
419214622015728000
1011949258320000
70607460
6300
211916461034678400
2774580875539200
36883260414000
4738241579321250
23436762950937000
810843669347461200
1233047415600
24979485561030000
461976835320000
7291949808000
872972100
3139503126439680000
51482970
195545750400
14045145565651200
40738698000
3796322870340
111190735728072000
488703600
126150943807848960
18943690115750400
12070978920
46895753104200
1111523212800
6190831449162360000
105895938788640
941488071844320
4013026290
333238968216000
526680
346104
3035507085376365600
141768188053291800
21188778811200
1955457504
8919042972840000
5059746291600
25973364296880
47271523020321600
50715704793600
372108198702240000
1768077744136704000
1590205977360
181712250720000
51552068383015200
171179649426240
148140720
210677183484768000
2598351929645472000
65407158960
10150595910
10925460
11686752
7096346400
8548947334287360
73305540
9019561320
96471263528640
169510230489600
1691400903192000
10049089950900
5250606554516400
56219403240
13180833005820480
49723185925018320
114594480
375344081798400
1148482094760000
115256362343522400
27841990176000
249782045617704600
2937587501977128000
6188
2053230379200
4777260396480
673209363589963200
27627600
4232592
10739053353600
224409867525043200
261411688895385600
297852590001657600
5926266002616960
245073458339424000
5081649955200
1134145504426334400
111272253862770000
1466593128000
37400520199442400
8430459523200
31263835402800
27066165933807000
1958391667984752000
1948763947234104000
7062926270400
66617291220480000
27923680312655400
13205937821076000
272568376080000
16087739850
75772482481987200
12344440864504320
114413040
123619530434400
140676848445
295841611296000
7771770303897600
3657589991055000
39128704655040
183406397131881000
6867087666959520000
122263877736000
7763135003559936000
46981200
2641442958
46018170
4990650262092000
16899239316960000
3369416234184000
3573009760320
22947424500
1614600
38084453510400
4838914922946904800
35263382880
2883046320000
74209612276800
7451163720
173477015712000
71670881031750
861361571070000
104291454867600
724583704523263200
1286299946131200
3755134007825200
15006832704864000
17317011046608000
71821767097080000
2861139795257343600
8336424096000
525628932532704000
2666532960
186160246938666000
1657572885128160000
17347701571200
674188416720
9092697897838464000
1222160940000
7686610525440
4050519658665480000
1773997647297876000
327202876
429192979184970000
992364638803599600
52817995181952000
176316738083085600
3887563680
134208607340269440
436577130089100
82850950322300160
45992531596611600
16185023400
1546210512
3717036315206121600
12354526192008000
2018016
431482191911316000
469311546904200
31063369186080
13877744044320
37080362919600
16652990374020
222715879683897600
1066727880471052800
424879684475400
353194101724464000
1556755200
1187550
182404487865600
16652990374020000
1984577059745280000
20173560
98441322408000
182509367040000
11484820947600
3634092000
278974080
44898583672800
809294637096000
7941927100800
7806465707040000
2610808200
432889404948000
33537169761258240
83525970528000
411863760000
7936963396362000
14841922455360000
230643705600
7374646593600
5364837878400
161063595
9956347272873540
827865568739008800
2821067809329369600
7140
649626769572580800
158753389900
358182013054096
5864443200
52251400851
811984978014210000
6833943043200
334810899299100
682068063600
187933433688000
16519766451027840
566918352000
472674210775200
12326733804000
325909584000
508373712
41921462201572800
227086232373000
9855505820160000
306366577819061760
43068078553500
2435954934042630000
6930
1261890630
371048061384000
3050242272
897130080
34237616573160000
97446965616000
2192556726360000
2858856000
2558195581641860160
8821744322227200
882985254311160000
797227802771400
1392099508800
325119110316000
1244515860549561600
3819816
84270873393907200
8030339436319200
440791845207714000
304547093052602400
11603592000
5300686591200
11390417438400
3154312566573168
27185760
23206929840
30400747977600
554093421106024800
273761571692700
43020065088000
1093260079344
44895954565280
8322082063623900
4502422872118080
3285180828329400
87026940
1800819924583680000
11436761389173120
8873525077132716000
165351186000
7309130233262457600
7395325179802560000
140687259312600
8904885761772000
37413090
14529715200
8459641473683400
574997034150
22314239266528
19112207858439696
90974238322968000
697680
5973056051508000
247005158400
162168733869492240
15139082158200
3702655202400
768997631001600
451006272993276000
65527569800364672
125398848960
41417825581440
126189063000
16877165244439500
16507422276345000
1169259537600
42489515996928000
5881075200
3044077122319833600
4007198592797400
113212385468582400
220702320097459200
573166440
125177251279766400
14421607200
722739782232468000
115378228405440
35432346789840
280647260974080000
4633794489513309120
1134516552487718400
2319843077235684000
87995587680000
1109019286222848000
8364116335511664000
464616702950400
595980
22550157849819600
37401644587507200
21804552000
6840
3129094800
302841000
865296432000
237818525181237000
3921175333430784000
212027463648000
4867480800
857656800
75713437800
4839757322400
211629600
24135932620800
6825875721084420000
1501673474591690400
12987758284956000
6969276471527370000
24136599449390400
9012927635712000
41837316604200
132751296971647200
685230959368355400
3822441571687939200
8121255814736064000
971442083102400
4033131102000
4021061333875185600
89927760
65628651384660
27900908274925
44706982320
163382305559616000
44812567800
11599785400203000
3534148800
1634937025861339200
49549328631574200
1410042000949021440
1116947212506216000
440197927369200000
40246667645184000
2478555099820800
310373321054940
517879914552000
346965058440000
510936940800
4558325434102440000
24736537425600000
133577302098240000
22759500232684800
6900
1842962900635256400
12227720204700
22595713724263680
9884730240
1254427385571360
15468263547618420
11515140
340354965746315520
5642948203200
815181346980
2378185251812370000
40602902340000
590132166624000
1532197698071040000
24351327000
4187522529473283000
79196028912000
623412397677888000
533531142144000
62990928000
89951045184000
47772603964800
4545858905280
57761421157440000
247855509982080000
21794572800
9628280371710000
209071230928560
39118609530
3200183641413158400
497625969040200
255305481515884800
182937327062490000
102386827813069800
578834975759040000
16769444852160000
13914302301900000
421813652260
1458664138912780800
95211133776000
66741043315186240
2832724440
94280986800
882865783800
256884878250
115564534435350
30199177800792000
555144093504000
11212511165856000
393827871528000
8184808578383236800
810368966062656000
6469279169633280000
382244698836000
126493657290000
50005776709680
1639256018400
18531552545352
2753294408504640
1873363800
73916293651200
37800
2701453723270848000
2124020751546355200
213610453056000
545524533153600
1674486894160080000
64864800
7001384382720
92923686287031600
2183381719751232000
180391226400
217483744596037920
308897820
38988959281272000
4671873032063036800
113786825975697600
514866054390367680
9217126777458600000
6203737080701160
251108174474325
6720
1976946048
40249792390500
19360418350107744
616492091199600
4651352483778000
584633722032360
30035939001868800
1181295868896000
101490108319600
99971690464800
90640999354752000
11129226834180840
1746705375800985600
202468981530816000
3006520440
41696525898027000
1965600
6054048
2340857594275200
267440481000
47837601302400
2568978588764296800
16315022842103700
308413385280000
81055307990764800
9656058877264800
57393700
38137680
4648889700
7228208988000
273606731798400
2588614098840
4399779384000
469309800960000
97438197361705200
423894300429600
23387271747840000
5203726432073769600
78028586475840000
181195066804752
17907120
12551759587422
272734862400
534105772200
167694448521600
1680096411741908160
7858688897417529600
4947307485120
63203155045430400
1762552501186276800
1334893065105600
42904956416905440
103359896640
53330659200
2378411459424000
144546109853745600
5946028648560000
163860031599264000
3186031127319532800
118129586889600
6900797185935840
211295005137216000
3891675750482520000
75083673729584520
17919168154524000
1828922004000
2567541432456000
69300
2581203905280
211495665161088000
7480104039888480000
46291653241891200
1030689059400
74325358107000
12015587984400
100100
10438982570016
55514409350400
841511704487454000
61432096687841880
225323190892800
1850700852
7848757816099200
7560
131142299195407500
45668422800
13988511914176800
288304632000
3845569093497331200
1759858846200
7825740931008000
3330598074804000
7993025459766547200
6155737534256310
1585080
18533869200
323823762662400
166852608287965600
7394519325473280
1935844730820
109359250
1556675366400
1317782304034560
60509590230349260
54584542993780800
469794955204575
985550582016000
141120525
10013421600
1553168459304
1686582097200
19220308800
18857405142576000
13233463425
64861473600
1860480
942584244879200
1845774795150
158801561100
393421444416000
617108583290799600
308403583488000
117079889319993600
56669158465920000
628320
53952975806400
3330427274902728000
390142932379200
81729648000
269778444059124000
132743638684800
14935922027699400
517853356607664000
22526954251401600
144543073234560
1364134763063872800
264859735140
2439246765034579500
9106521256129096800
55138611528000
10163490377040000
4811526382414752000
1037158320
93541395525177600
141086400
127216478188800
8631331909200
15313094596800
11027016
13338278553600
10475665200
40135693377780000
3049803037112832000
2070891279072
127414719056264640
102753951300
9915446970
7707169098720
52510382870400
1540304564198400
159868707590592000
1915247122588800
142704687565440000
1058609318667264000
2260440
5406469020336384000
131928199603200
3052038963093120000
35829452973600
4015671660000
8821612800
2543235373562083200
176434886444544000
134550133990272000
2292117595080112800
103245052310400
38759961240
14702907203712000
10953009486979560
19331888408536704
7771395507876000
309745620956772000
31503639327098400
30974562095677200
395980144560000
10841056402176000
7882225717766400
59799691551600
7394207990400
164441754477000
218509200
22890292223198400
38910617655
43183019880
527973526080
96599501737200
6416344935000
1632562389658200
12114150048000
85229644500
1646701056000
834858138114000
51630064200
15519504000
107156604726600
360771063471000
396178134632280000
11541847896480
64378054540800
62162100
692623047916800000
144708743939760
70138868548320
93634303771008000
101194925832000
9451091798129520
1901838929760
15152384665782000
726485760
6089406499176
58521439856880000
23046463440
22262883683040000
156993135980040360
220616539143000
605475602956224000
541323318676140000
3250186510810239000
513736875235584000
44677888500248640
264475107124628400
7315
853401194817732000
13300327240200
342376165731600000
16474550400
107296757568000
2588650290947120400
6876359661600
986138704320
223389442501243200
3157186770082800
36576848168
12076395075387720
156474438120000
1067584795200
47074403592216
861861205164960000
793162843200
6404586377936947200
739451932547328000
17053001128800
38418787447840800
28051233440630400
341375818893200
300034660258080
7571559623387760000
7280
4095809863891200
6374082000
4236447600
86950044542791584
493686866632639680
120944204135040
6946019709108480000
1124827675171200
166871334960
49956409123540920
2648597351400
1863440266197870360
45555874444080
735471
157373580
215882508441600
818768144906712000
121788129983520
730852242120000
154770786229059000
317578060800
577712924280800
7553796433655472000
5050861566569280
30782967839223600
177100
196321725600
12040708013334000
8317644646671360000
18240448786560
2724321600
10586770740
7701522820992000
1254030854076000
387987600
2971599095597932800
588107520
6966838078200
509191949220240
6688164555072000
209310861770010000
64981598802120000
7805589648110654400
150019246617240000
113954400
2778324357672864000
2561252496522720
1424824555714560
185891632486560000
1467251177055048000
2844937529085600
2644751071246284000
38198160
607577948799822000
105826178618160
2233345349052417600
1852538688
34799356200609000
253419673852800
9957281351799600
207786914375040000
428590274112000
26609865714432000
925610400
6408313591680
788443398799056000
45145110746736000
112483800
4633269076800
275635702742400
6220460740032000
57366738000
38410772400
462620077920
76964493540480
321574986532800
7630097407732800
131407233133176000
141766376971942800
178474296
1705766968555650000
413684152780080
38227558729651200
59483155826556000
117327886726050
19260755739225
3771239472000
24700515840
748010403988848000
1270934280
821292151680
334973944305000
42792357207600
79547668200
92798283201624000
722017764468000
736290720
636146784000
264630570347626560
4073869800
9992593683072000
16678046911680
227435595807420
1323051373163520000
8190
7600186994400
11176745580
4075645876868966400
5385674908719705600
352510500237255360
46849502700
10449904080
57225618450
6753074717188800000
70161815243520000
4301335318054320
277254821555712000
21581190322560
29742661197849600
2734100769599199000
452987667011880000
21726132473845800
22086194130
21580031200
1742319117881842500
16191188133120
219060189739591200
92205089874817920
21252000
49031400
22660249838688000
282731904000
69690410309520
3268760
121177806624000
8901323807467291200
1444527338137884000
403603200
216605329340400
744511076400
1972086714614016000
1769688341272051200
65118934772892000
8008
1178332991611776000
12627385848000
2042278819495200
856911918687224400
317920725322200
106402617921600
41557006582951860
127212653739600
56503410163200
981608628000
2721244593038400
5383327950
182507714461800
513791607420
4962157200
114205159894725900
841378824000
4651200
76866105254400
6524029523485320
38610
1442592936000
295784169237757200
2657405382591960000
153876579840
656852143147200
2081490572829507840
82245240
25518731280
11179629901440
181440675
1978922994048000
33924953522123664
24579004739889600
4986885945000960
3929194170801900
18734614170772500
3792189302725824000
2047762716325326000
43891079892660000
23145088600920
27242081706840
70752359418998400
22677038275320
1548722343168000
11732745024000
1183382990147255040
5633079772320000
890178030902160000
8906625
18623404800
700838576710272000
83880379587668400
377489722509900
16654322805120000
176096197200
7980
613368531270855360
86973632066280960
15490969373880000
1942942575974400
664441017240
8104361169812544000
9156116889279360000
18552403069200
43369253928000
3607824528
5230697472000
113308977600
8165847631869607680
30920671782000
