2018940
74463147500414400
14415231600
2850120
24303117951992880
1457787982210560
104777237334000
2034130333296204000
7435665299462400
2164626380826000
7456416121440
23051272468704480
5257444553750188800
13037895
3105452750400
688039482903829056
16703820629496
31474716
1247400
15162373053828000
549700831680000
1103284402265073600
4330586549409120000
3992724964800
271328894887050000
7920
64734989319000
208998081600
7493980
58896517680000
241340379845093100
21743408016570240
18615786875103600
287763673663065600
231917400
262530327725820
35432071767892800
38760
1783775830736671200
270145372327084800
15058768725
4836650919772815
865850552330400
166229531500032000
1309731390267300
56549643091200
655275698003646720
590741807292000
125235075213284400
433643869339480800
60235074900
10830266467020000
13641361272000
7648898400
19346603679091260
172972800
68372640
138940401600
49972802880
1156383651571948800
160392960
68736091177353600
16279200
290990700
5238925561069200
4431613550
178097715235440
7673948542260000
15282984717000
472242987216000
37854777529800
13036431858450
607406944592448000
152490151855641600
24094029960
948312509695200
7770
64964643744000
1798522960394160000
59875200
1563726097508702400
15358024171960470
331292911950
1998256364941636800
1157669951518080
39655437217704000
1888971948864000
58677914295000
484165440
64142671217264640
11552284231488000
18469947944448000
218425232667882240
5007182019840000
33185909671200
129463339151916000
7800
20482549133592
2618916300
92524015584000
28284824772787968
1855967520
1685471041800
476392964353225920
1127843990
1848629831368320
294679624022784000
13646135748445200
2598960
1776060
1759918300890750
96376119840
164923914729600
104248406500580160
7832424600
497817363643677000
5708552850
14928779071206000
16537583462400
1589603626611000
1186680
68880
23156733600
140863336758144000
14821479036000
115601607889185600
33637533497568000
540283800
8111089456902432
573029398770028200
8701345515788640
38304942451776000
249342039497711160
5157264588930253800
4765156260480
34594560
4481381406320
1986389254751616
75684450369528000
83902896000
222373958822400
34810776000
30889782000
157584800524132800
85343954723300
176513040
1640949464700
506480603789160000
450616080939024
51889178880
1973301053724000
204692036226678000
324495412430904000
2054455634000
508865912755200
634957071708960
150068327048640000
83271614025600
3153092085
130145034464613168
243103381296375600
126023040
259733642968800000
265061160
137938950060912000
2436376744420819200
18776932574400
3211320457800
1205906199498000
17649323131440
315036393270984
21204892800
8775
5372730195811440
8406019621042243200
235666598322355200
172617785535888000
2349060
2869685
20078358300
27908114902668000
74726314084800
244554404094000
5592025305844560
151116387574370400
639967910400
585399446599968000
841810261094880
83976219990432000
5102265168000
18910176062895936
833497307301859200
5456539052255491200
5621940324000
195249593582120
2733352466644800
51755978894518800
9107543324880000
8649138960
776780034911496000
1891017606289593600
273311493765156000
2713200
3184098341303880000
1079113776236496000
10840958239030920
156914678640720
1554279101575200
611862796042046640
195025020602412000
530974554739200
2765575612800
46043691253560000
2193360
36212936760
626593968000
224062839000
82937661506700
4599253159661160000
86313319092000
368743415040
3315312000
93518491397760
679481500517820000
3176031222000
90829834770074400
151390821582000
877791942720
625276708056
5302498462252992000
50034140735040
102412519749540000
26047573909156800
43890
2438562672000
411015805200
242852148
105659002912320
239168340831420
631134409500
5271739026717240
42578078400
193806353490750
728581562326800
22870848000
138997875334106880
232077138579000
5150315750219640000
2354897039700605400
300540195
5279754902672250
69262304791680
13507268616354240
411840
4204200
372829276450350720
744448449684139200
19863892547516160
1170150123614472000
232069298400
397742716800
722820898800
183395816604000
3299834538000
8657788098960
236377200786199200
849555
15926862451500
42751800
6471613928379600
1611640800
110442150
1826446273391900160
1074872093126832000
181014052752000
160945136352000
120134048205600
174798252720
1687241512756800
10512578650654080
59013216662400
2485472040480
24077392398259200
771033463200
390266297733312
1561779964372320
1725766860631413600
127168290128880000
675248872536
8855
46445587188000
1290180107125728000
11003748996240
7653386906605440
189024250737722400
238265862274440000
12113640
340232802433524000
111667267452620880
2317454130543552
255011213096640000
11707988931999360
57081875026176000
1235025792000
2403601200
270581869637640
33070237200
83742120
108410564021760
3990098172060000
129075160500
43758
18347745544128000
1237249641192364800
297426611978496000
2349088560
440149959849600
3812253796391040000
667144414368432000
7962100660800
67650940948991400
66643948800
378203521257918720
131808330058204800
1700755056000
447069823200
249344297250048000
1181401567110765000
1643978909865600
5150244363264000
520029841729638240
4548711916148400000
2088373808850769440
538332795
43680
23130268761600
108792721976400
1361360
128764350
1837863400464000
20715196582080000
4680268575566744160
985554248498820000
1116766614600
886322710
119973097263146400
5620384251231750
69042458601916800
1224159883838892000
128880170957538000
1696489292736000
4281140626963200
12683654676332640
239028075
8923714800
26436958145136000
10363194502115
1283268987000
618413435640
17196981048081120
23153399030361600
1017346321031040000
3069579416904000
468319557279974400
102701657298240000
11061969890400
7856748900
132600
38360313768878640
6074125200
1422022947206400
88597190167200
215811903225600
15970111134634800
118620532800
140027687654400
27587790012182400
241417704528000
1000716621552648000
1857249434748708000
142922216236800000
231078728921040000
435031096500
195240810819600
31009016558520000
933386895412171200
5259038400
362129367600
10794125422080000
1231938227520000
7618665600
6211467553992901200
25700298624000
51482970000
1503467469504000
3978174924307584000
152977968000
2436809955079500
3581424
312213038186649600
36024581329228800
659966907600
51624078105600
11025428109696000
1119195
7383099180600
999259368307200
11105300606400
635206244400
344599387587000
20477365562613960
618464680236000
9139
316360239195
96365304297662400
1773991047628800
4026557040105600
1054113810750
2367961264468800
132193807200
105594705216000
1816689858984000
229962657983058000
45142075251212940
72779390658374400
1251795504960
1469160
1338557220000
1777688640
463810076730000
13123110
502831929600
1189663116531120000
3238237626624000
237336
778335150096504000
668928222963000
89476993457280
279490747536000
116626910400
2787777236404591200
2686320
58693056982560000
2697784440591240000
270951408000
1240318759680
510436486560000
1633522039182880
140256167203152000
12517955049600
107219638023498000
4122756237600
3479935620060900
496420983336096
1378178513712000
989461497024
136745788725
129925353914516160
124451586054956160
52860229080
503319630013200
20593188000
21945588357420
178652770296000
2360561385517335000
403595786880
15010242220512
642084206400
749444526230400
7315688016000
73174930824996000
223092870
78705
125896607227591200
439977938400
9845696788200
95243560756344000
19508501376000
1620851400
7766679454403688000
113400
62882193302359200
686205683350387200
20672677705680000
45888240141744000
50965959844800
4515856800
276276000
171840227943384000
758118652691400000
11146940925120
6133685312708553600
480027546211973760
11839806322344000
16654322805120
1402519507479090000
8835881733000
56829361861490400
2480721324681600
11826606984192000
5449790086204464000
3259095840000
975665744333280
3020092006104973800
4662837304725600
164340559551168000
70638820344892800
434296399680
281097016200
14897919410637120
9883367280259200
27376405056000
1194611210301600
556572092076000
99348849600
4517106834240000
384691449600
4163323213296000
878850700
105657718320
361368546739200
268606800
1818286159893840
1250245960952788800
162073793212531200
530068659120000
3402436513279003200
1984214232000
62927172000
2370060
31382935728144
68230678742226000
1670369097629232000
21718418020954200
29038543934400
4127220966108240000
499589711220600
832897545480
4341262318192800000
410896122436800
2967260103007200
3153514296642549840
151431192467755200
35550573680160
4389446880
8436
3543887606688000
1173861139651200
51043648656000
293465284912800000
109290519898560000
10816205400
562009140
7516719283273200
1412981001432000
4579655534625600
524569196781630000
48236247979920000
236044269153000
852650056440
95376217596660000
147241294200
9546679330188000
45239040
4460443578247345920
19334715400
2999150713944000
7153117171200
3335722071842160000
259445050032168000
47888755200
1817122507200
606494922153120000
9885044400
1513512000
1931711248303200
78555532774118400
33906600
82413020289600
20252598293327400
4767217379656160
25520040
226602498386880000
14236210763775
60909418610520480
63432274896
853572720
2454021570000
47951843940
222869932169844960
23508898411078080
3736008720463219200
3366046817949816000
171438409361419200
137846528820
360360
8449051517606700
70798999075833600
271792600207128000
11124108875880
921858537600
5900766300
2104791180055200
3569485920
3018791952
874701828000
431416825725600
533573245296000
23224406400
52451256
8212952070823500
8158643731824300
9200527969062830400
4891088081880000
3139862719600807200
18391860008121600
106672788047105280
6969250544256000
13258511612244360
15910928953080
2698531355520
669939330060
28912835952000
6339463099200
8568
23560992
115437174652800
199126945457470800
8204747323500
360483177600
2032636967361000
716889219675720
4778051964609924000
8291113084800
836922240
25725998922624000
45125942400
17516057150592000
687126039600
2106771834847680
108509961633263190
1502154605952000
942995136006000
45202896295471200
169621970918400
2779674485280
1372689900036000
363409200
165765600
146157442200
3762092562228000
140826994308000
407884497096384000
27616983440766720
133785644592600
6674113789200
4336438693394808000
559458900
292045871187813600
61848420480
7610192805799584
9369900540000
16824500
1401563895732000
48522699225
7334495785496880
70280098396754400
2236810122337824
3767835263520968640
756756
8103689660626560
5540984383334400
1814400
228735227783462400
493076245894689600
12919987080
30932761067208000
11210994080
683620294500
440175353116514400
526213614326400
2406725881560
5905345294648800
348053820631545600
11785878214110
6798074951606400
9637611984000
66576656508991200
4349576070840
154086045913800
11745442800
12493200720000
2750541114096135360
5651105627591424000
18070522470000
1499400
1515286301760
4283383104000
19789229940480
63566336433600
759720905683740000
4962513556
381649434566400
512143632
105591530772
1320261055027200
4876786654740000
1504198080
2540169450
475865246612448000
30040264800
337543304888790000
741354768000
22752628402904400
73513440
149345209093103100
1648427927790423780
22229795952
2030145117000
12082560
442890
83843083456832700
616183999200
16379243680800
26274085725888000
245566353352320000
13551320502720000
40196873316600000
850376322956160
530423323241011200
34696505844000
74670951632973696
46197683532000
155729321748000
92920547079360
435578159016000
8580
172255143129300
6720385646967632640
162615846032640
3028623849355104000
18829761436886400
1477814137800
44573413500
999456057600
357213131700796800
436593827634307200
3507802332194160
61040779261862400
711942968056320
37948097187000
436091040
2227680
92263734836
4586936386032000
300693493900800
5869004708220192000
5490759600144
93256746094512000
2671546041964800000
427518000
166320
116936358739200
2430311795199288000
6609239536284000
1012352765424
3125614902381972000
50059898336448000
7693821298171008000
573366235753190880
125349840
54513675216000
7752254139630000
935041114687680
109627836318000
170184152160
850598261831656800
732058145280
141672896164800
15420669264000
2172664781179200
630945315000
464312358687177000
365057338984767000
11905285392000
1623421800
38657680542280800
234266994655848000
44460928512000
80662622040
337451400
20044584755395200
2794093632570240
410851398877920000
8803507062330288000
2584084713210000
158739267927240
809349840
9828
109475357191200
1849032550965600
159991977600
3350884444895988000
10460978576048
56628844272000
45045
102318006772800
10644519600
100354190845708800
25324030189458000
529130893090800
44880624239330880
108234735840
1488754066800
6511893477289200
1696219709184
48162832053336000
154448910000
166119731563500
89237148000
421810378189200
48519593772249600
124932007200
5016123416304000
333943255245600000
1649666188256486400
1508495788800
277632515160
190254820144989600
85101827171961600
26435433024000
34971279785442000
6064949221531200
2259438720
469117829252610720
3125708869098816000
17459442000
6201803311704000
18533076307200
459392837904000
90597533402376000
358800
1652411475
37265433004800
687635278524033840
770605312853376000
107028515674080000
951675588864000
4094810920200
212594080739040
9880
1238940627724800
69090840
7868537951724450000
139675536000
160521051600
625490439003480960
320585525035776000
1894369011575040000
41227562376
359704592078832000
5673052818868780800
395784598809600
84362730452
14536368
1458140581857960
834451800
90834492949200
1394019389251944000
52463995021666800
14884327948089600
62755158568415040
1515449649639744000
146208597304770000
183757135161600
90342136684800
347187399314184000
4709254689659520000
706469111910181620
64407440402067840
496053558000
34420042800
288036953505100800
56650624596720000
106976192400
3888498872318860800
141351642432000
128166271833600
1438555318200
5226957353645527500
283795284271611420
10574783258054400
334597476513300
4478633721361800
34523557107177600
28345917600
68441012640000
9386230938084000
5040646686339264000
491776805520
5077927134720
14240696870400
5340261326400
1868749212825214720
5343092083929600
2710274183371755000
660923953628400
47297250
2847782466614685600
3056156793440150400
20519125114187700
2771861011920000
2097572400
230302800
3051882448274499840
6644410172400
16945790400
10010
1228950236994480000
92451627548280
1270751265463680
724780267219008000
4200241029354770400
21183481616497200
764488314337587840
12904005954162960
1246721486250240000
15144818832000
173059286400
2654532511908076800
27679120450800
1438481546132400
351128639141280
1198796098500
4240549272960000
171693792270
337681715408856000
1272185757079637400
400022955176644800
3682290598786800
62336074312512
343239651335243520
8314135640336045520
10080
39861390138570
351128639141280000
2680707555916790400
21361045305600
1200859945863177600
11745839605500
2860326000
32041567958400
2643695814513600
3208964633112157920
30875644800
8835372000
3773655750150
9847379391150
29037670962300
1467326424564000
9050702637600
50683934770560
6625858239000
17540453810880
7493845668309000
6130620002707200
6004299729315888000
785725214274000
104407463160
2734995260461464000
59400885600
2332672777512000
3118022315574566400
201376
155684501280000
2539555200
2923408968480000
619083144916236000
27227200
1849476273598800
316015775227152000
92772630720
93755216263800
40652739347220000
5400692878220640000
1270312243200
3097351569312000
10206984073005720
9843799680
182223497776320
7290702909289800
499090620600
21443203172160
97816745137003200
139952292480
6471252385884000
573413380944768000
2624622000
13852460958336000
61457235840
