771527554031520
4108513988779200000
2308743493056000
2141691552
5554998389026944000
88580866974600
12319382275200
1286299946131200000
66714441436843200
16833328451596800
204139681460114400
6969041030952
3442437638640000
39109150080
24057324577056960
2006449366521600
49971289967121600
581798092161326040
63008083579240800
31902280410000
4205031460261632000
3327571903924768500
4065396150816000
166352892933427200
12252240
130107761784000
1877091843239613000
336605018400
2251024905729600
62867106732830400
1369504662926400
337904313771024000
74336437663488000
5420528201088
20959521897600
3185629894137600
739604028240
4297720490775211500
120336294078000
4746286453708800
57146136453806400
9240
32842607157360
315040417896204000
56489284310659200
18386775
339773065632000
3162510
382516819644960000
29099070
1573707590344890000
28774920430080
40840800
627972543920161440
150215460595200
276105375
328516860672000
334408227753600
37804367192518080
9470539386000
165640860
1499184086400
78606772744500
4930216786535040000
354323467898400
49277529100800
277186101192000
3511286391412800
122175900
131670
2577017520
266857765747372800
276549247260
52669295871192000
649587982411368000
2137236833571840
12324198875788800
275679510069600
45024228721180800
8657788098960000
62866342400400
780532595466624000
1952224955465400
6906900
1287074250
55409843833344000
154867578465600
558480740815998000
3419854185697950
390713608637352000
1605427735111200
487190986808526000
73960402824000
85622812539264000
120589079410800
81599652832698000
21273019020
1714505675625600
4224809829240000
487191474000
5557616064000
19499099620
36239013360950400
1209728730736726200
1055947052160000
160232045562388800
5897556623016938880
598086720
269375727391680
319770
95706841230000
5494201352640
33552151835067360
313196636803050
78443948210518800
4475086733251648800
389188800
14214724737963750
1304250668141873760
69743520
79650778182988320
10863652800
14843152325664000
54203652462960
12628747080331200
1638600315992640000
227140313400
9819441596764800
221707200
48305580301550880
10755016272000
8278655687390088000
1084105640217600
1647455040
343062720
154962990
596327241510000
3816066050187431040
6418853581140000
91662070500
726675943593600
522161640
180684945558117000
3448674255840
429187030272000
9350411146876800
3212537328000
7248900824110108800
1371507274891353600
2206413000
1294699786380000
618872369544000
8207650045675080
3998867618592000
3276420346120521600
1009559498547600
1346420073600
14172938715936
3688326041400
2170631159096400
1181685526938000
27230384259936000
86741264610000
127556629200
20334948480
313497122400
59842631340011520
235620
1760791709476800
32511911031600
1610736689261700
1835793960
12079209132900
28326343997952000
239877544005
41685113870400
7413547680
77103346320000
829677240366374400
648939043368000
1613252440800
273996484977600
195720885704559600
417629852640
930560562105174000
40965007899816000
312873200640000
1956435232752000
2347722279302400000
80955940665600
22999881366000
222628836830400000
9520
13101128790750
44736202446756480
7972278027714000
67444611014781000
25153838509800
18434294220232800
3472905447091080000
2540872594260000
424097856000
8905153473216000
762450759278208000
13342888287368640
131320667103444000
5913325490992920000
9168470380320451200
4250186884944000
763009740773280000
38551673160
635808843390520800
373219476780150
3088846051200
77436405239193000
111485989421041950
101593131473433600
54627300
16911539568443520
1901922498075600
286396721155440
3028537512000
12907516050
1762463876342400
1304872821252
28165398861600
11865716134272
122783176676160
4272854548330368000
762894475200
39118609530000
266896198800
1380481043760
740043207120
962690352624000
1190710439002656000
1302784786947243600
544979008620446400
204571699932600
2048250394990800000
511976232986400
53970627110400
240117421549005
79464
86577880989600000
2079411161667840000
16062686640000
960566918220
1652162054400
711234382271400
47583779443200
61772630960040000
9609600
11532185280
6652466428608000
520951478183136000
61596911376000
1393808206190400
595373117923584000
275360342400
25947416880000
11371779790371000
96124703875200
109830336
391514760
5707644604349688000
140950075266000
2190601897395912000
1085280
5395297580640
6938301909431692800
824551247520
1311055200
5313000
23853089660400
817190
408631225602600
145814058185796000
285028443000
245402157000
7391629365120
4237755762240
406539615081600
1875368941429183200
2111894104320
284964911142912000
63867117600
4163580701280000
25665379740000
485735643993600
2289029222319840000
50830050618547200
1019319196896000
3059133728222880000
2581213507973100
1376647204252320000
491456773502735040
455377166244000
12389406277248000
260920896198842880
2705868396000
2465376734620800
145008513
1602879437118960
1448408831589720
3353023674000
17184022794338400
53148595500
87487400
6540715896
9432812729340000
7397406278776800
67441096800
4698335842200
1264063100908608000
472560626844306000
444469950196272000
357386719536
25395552
95921224554355200
20180160
10737573
2288683425600
11793600
162610957388880000
122263877736
60501307344086700
184697807035341600
10360604899680
2373152055512238000
60610338798831360
1013712941313072000
27415080
4783012847130
1472916239514720
1417293871593600
3241378417285008000
61846468023600
1281662718336000
1108744404768000
120456630372078000
30861102161260800
1816596695401488000
99225500774400
1060137318240
93908891172096000
10091260049270400
260177531822208000
37847705395500
39128704655040000
19602264470194560
26414750728080
10962
28700200899770400
180610620200010000
368592580127051280
93207319112587680
331053480146188800
274270481462577600
28591903472932800
40236284088000
521949128500800
3560712123608640000
2007835830
1995847425
600900300
7475007443904000
8477886008592000
108531557954820000
770922434381299200
1085740999200
2560718160
110037489962400
111767455800
1920538620
22990616374440
2111830615440
721113927534000
607169554992000
10920
13884957009000
4417238826000
64715352471000
8193001579963200
149918408640
767394854226000
50283192960
570024
18309467404800
64250746560
7088318848597140
90532341900
243023430309660
12498200
307984556880000
994543731076896000
223313110020
3718214500
1985548852287000
353761797094992000
18194847664593600
1067431062989491200
167942750976000
12467214862502400
2054973637332000
304470324958800
22661795520
89763947010017280
920420965292400
125829907503300
5148297000
34306272000
441050950579377600
1456083556842987072
2294669520
304407712231983360
5402459773751040000
19554575040000
376425569520000
2461424197050
328590284609386800
1789707432513000
450502042377507120
2233922963263992000
4457398643396899200
5205933214574400
902687238216878400
9888096778560
163031333517734220
940491367200
3478761000
10612853912849760
12699141434179200
38535845493600
13506149434377600
670743395225164800
135426225753638820
198554885228700
7934253213738852000
3224616279380496000
50081520753813780
57279344231088
12760912164000
140502285
4831683653160
12059061994980000
1250895776940810000
4727337560
378378000
5434542313200
88863724857600
104432328000
28808079300
34631152395840000
57453550319725560
158210137034149200
65552760
25467973278667920
294512400
37586686737600
3780485014754448000
209230560
408053294612964000
1242480458089728000
451261102792500
70649050071600
4406381252965692000
11292767085600
937356395976000
75639956277600
7531904574754560
147833137274823000
7389070689000
194990996200
559472664582720
3272028760
110504859008544000
1950850137600
720041319317960640
16261095738888000
5571748304246124000
1413516424320000
288592936632000
240535017064742400
6568521431472000
1081575
61391588338080000
893569185305596800
83349730730185920
123894062772480
41580
5320130896080000
164153000913501600
215720464279320
9442414800
26096118093941280
5770371744000
47129212243960
25057791158400
3613698911162340000
7972933550400
22309287000
1173800941644038400
412416547064121600
47563705036247400
134596
421421364000
577241321893632
120219571888416000
6636331279770192000
35788961957405184
252574941606624000
473592252893760000
44249209804800
97389600
6731030592
33323896821600
1177313672414880000
57980203837920
146040126493060800
8605010700
70864794000
456820639578903600
80080
77026242973680000
1260161671584816000
3854612171906496000
711945616653671400
2534196738528000
3122685525960000
3608213451523200
110880
2207641516637356800
4330845130483872
342205063200
114682676188953600
11587270652717760
49277712424941000
1785792808800
1243242000
1484667078631436700
8433611807610528000
225957137242636800
46243014592320
3533791060800
120085994586317760
11491482735532800
466026007590
8751721726669521600
6511680
1780356061804320
230168850912000
38921125320000
49054736350620000
6499270398159
79003943806788000
29133042120
1501024222051200
2571758513438400
660790658041113600
3431028416751936000
19621894540248000
773281025745228000
152512113600
15716776683207600
6246600360
1007122215052800
5705988314208
203844450155346000
1364613574844520000
1423446393600
17776886400
578256719040000
7192407730662000
43197644028000
15327077582960
156975156321984000
35607051480
2880369535051008000
225871547417923680
12274301995956000
2439237690489600
3340764125899200
4783366816628400
9059753340237600
263986763040000
779779185625440000
97297200
7915691976192000
135699814088494656
1798194147750
8362849237142400
2019628090769889600
351400491983772000
1812225206027527200
35620613892864
54006928782206400
20196301104000
78374280600
899510451840
623360743125120
941850937931904000
235088984110780800
65964099801600000
20613781188000
231215072961600
271792600207128
60553223180049600
1779251443200
1337632911014400
104071012728883200
9130031086176000
12803590800
19359101309798250
4244421484512
191009799590009400
128659219032960
2157178415700
2402400
97878690
1455312758781024000
81204767280
46558512
97919583399237600
5016961672222500
2619562965805843200
39342144441600
357294723264919440
195643523275200
729093538559786400
3037889743999110000
20907123092856000
5045040
165237006654720000
816816
773942488394400
144259293600
86324761290240
48886437600
10184674500
262462200
80004591035328960
27132889488705000
4927752910080
5747654093610
7909656300
76996139220000
2475489478176000
98110738440
4460336941777516800
1575580702584
28172667351628800
366648282000
869690250
80902610006400
403823799419040
3965543721770400
287120523690000
26108082000
6366993319666980
755160
525020386176000
6902970930240
659640998016000
4475671200
280312779146400
15073827493725000
2336366969502508800
16398901190160
1221759
602275457723940
261603339693696000
294328418103720000
3504192883551360000
1651976645102784000
12996319760424000
1523733120
241527901507754400
508874302831854960
32830600182700320
115729133104728000
10631662820064000
291051420059400
65996690760000
108717040082851200
514080
62145589746240000
4358970
88668848268000
235586070720
26293088250
4813446949668236880
34597290
211240491462000
9590368788000
5385680294400
846609428945280
600600
1657019006446003200
694702008000
5473767859560
187398010800
8682524636385600
10994016633600
206361048305412000
1261260
1831223377855872000
375418368647922600
7043166837907200
62853991200
484711226496000
80730
1006115092837747200
131255096544000
180258552714240000
10061666911296000
491580094797792000
170834529165300
3553049418947028000
210743800775988480
2515416727824000
2854093751308800
114011377200
33655718658800
105234069965824800
228305784173987520
133855722000
1162838120944500
29458324790294400
162467124601017600
133526704635324000
420936279863299200
146170448424000
1750320
3252316920652800
999600
535422888000
42833831040
2071273758057504
77636318760
12755644844342400
135795660
25892667830383200
1726266381840
1575848005241328000
731517998211000
48316836531600
1918073757600
85037752800
2763633600
493802400
108222351237000
791239075426800
37119313280649600
51362015304600
64764752532480
21067718348476800
4677069776258880
16416403907904000
70344528304050000
10296
7001280
10480365550393200
876240758958364800
2787710588610948000
3975514943400
17125658550
248552850966900480
184366164840
13009267682611200
2866831178765954400
10581480
2151003254400
303047693315640
1848831294950640000
3562467300
165711220002900
18417476501424000
77015228209920
780044762594457360
128858935140936000
2809029113130240000
8285095032230016
424804150309271040
2836291381219296000
310545275040
1617966979200
1189594486080
113301249193440
543182640
16094513635200
4417744320
25298731458000
5709596699664000
31235599287446400
5565720920760000
66118776781157100
135135
93139546500
2008865395794600
2019630110400
640928182249555200
6596409980160
2273557938439788000
16360143800
567065507887771200
27095140800
51946728593760000
177787980078508800
9991794224412000
382827364920000
5461079818521600
31145864349600
49080431400
244310094000
1578423231000
23304596154840000
2577603419150760000
13862741077785600
146084400
474023662840728000
5071570479360
265742600923800
10626
3183856173854928000
117327450240000
128234210014310400
922393263052800
3353716976125824000
7052669523323424000
111384
99681120
61620994378944
1486507162140000
216814609851840
261891630
107442720
79982064842097600
2398030613858880000
972918937620630000
3318590967120
5342931457063200
1037896675200
11293577370896184
3918149735179680
25686843761779200
84975936895080000
153643089600
9858943987200
18492093939056400
1215516906481878000
132882225840
151351200
10660
623823348500352000
47243196000
2350889841107808000
54135564131048400
2737650690274500
1774705015426543200
702090074168683200
464602735396800
3828273649200
3334569638400
35123966795998080
16295479200
71940918415766400
1314869989052505600
278394849604872000
671448571880486400
7510773029760000
87614654400
1258966072275912000
117804960
89535600
743389490296252800
195593047650
193222321206203520
12148233185088
1122464591820
4324098240
505412435127600
18708279105035520
567850783500
144187055812800
176689553040000
2301022480841884800
2888071057872000
2762189919217575
839028960
60949324800
20189400
2517086880
160247539452000
13735503381600
292244752800
5062249457852146560
6175128960
32189277120
3695814682560000
6589820160
1900046748600
9237800
4814331937156684800
6144764740077600
900115479703440000
70682976000
2385308966040000
2745758400
42325920
31278673483200
5395007800
229584616662240
7220177644680000
2674137194260131600
494730748512000
10260432000
3543207176789280000
155190341512800
8343316389408000
365421452760
172884543515283600
110874440476800
12972960
2992041615955392000
222304642560
8934969835291500
3432198000
203139338630458230
1922494077504000
4320554302576512000
7768198718280000
61620994378944000
137837700
3090185920800
3138293572814400
667633523176620000
382958222273827200
16287339600
4167611825465088000
18531789288012000
1165709326181400000
3896004644532000
605707502400
1979556104841915600
79280381980800
28449375290856000
9866505268620000
2253080404695120
5204310471360000
387182026195965000
353697121050
3120179050377829440
22088430
46752055734384000
15901522560
2551128968868480
9570684123000
183918600081216
555664871534572800
27038782907136000
1779051771649152000
428163098127382800
2581126307760
1133012491934400
114955808528
1578640842979200
11440660
22254450772554000
926135961214464000
35240152720
51021117810
123255419663376000
28277527346376
41167526400
17124780311100
1079001560
1973655990298080
16179034820949000
12994800
10719029280960
265321347821244000
12012
8866884826800
2761698344076672
3240312404128800
11179056587086080
508530691468800
3512396679599808
14825431430409600
2180547008640000
64764752532480000
32615112024855360
42840
16336320
419127959250
912022439328000
1580040
1223994792490470000
31329698400
