1910459004782328000
57001402458000
850668
342513171000
2478321846000
128501493120000
52667516563200
445952148642000
114354240
540540
12368268712800
7960245853259700000
598426313400115200
1260249188889600
6794815005178200
52528960292320512
7893204214896000
8078520441600
846957531420000
1472412942
18170460
4488062423933088000
19740240
158612598144000
86493225
214432031721600
3933165600
309327610672080
3185372490300
26162526053664000
3127492148569588800
6717950582042700
2563712728998220800
259733642968800
9094231753759152000
2308743493056
22830578417398752
70394353848
74209612276800000
17257427325600
150102422205120
752538150
5730293987700282000
91891800
119500180800
5211139147788974400
16613520
2179916034481785600
7170037522147500
882161280
1069654877704052640
1732234619763648000
4160238733837105920
14054850810000
2025922415156640000
258121350797310000
2431277100
1194761672744824800
69837768
68848752772800
10301627536200
223936586641152000
719068214264400
11880
2122732227535920000
1112722538627700000
126836546763326400
198277186088520000
2664155545632
2438362177020
70988200617061728
492947199360
26310680716320000
10860080
27949074753600
69523623916306560
3478761
525481714517760
106758479520
23728968900
115522842314880
1161506838492000
105242722865280
1245476010240000
1168801393359600000
30653100013536000
1864863000
1300887659111040
8271798688566000
3938220
70225727828256000
1341219880
944224554206934000
93218384619360000
428114062696320
984224215774800
6847523314632000
520781098971276000
28364983604100
5620091400
13305600
145713665772675000
857533297420800000
8889399003925440
496917404319432096
26955329873472000
27040513500
111930
33165168477655500
584337600
156285443454940800
1769651383500
144765466560
25886140988400
12716829012888000
47651562604800
183579396000
110968576415928000
1062970403695200
158621748870816000
42504
130395365100
185253868800
12180
5781918257859744000
33256080
66631803638400
16434055955116800
46209136925952000
6524364106260
283458774318720
6688377150
303888362273496000
21800278307808000
18202102722323520
3097351569312
20035992963987000
166780469116800
1172140825912056000
4677033473361849600
84126042000
6678865104912000
9075135300
203490
155316845930400
702538293600
127125600
20780413255929600
963126309600
4952665159329888000
398724480
846442230480
745116372000
9013504500
14401847675255040
54384599612851200
11058116888
93078934375518000
2834565741431424000
1033530858775800
1005633626400
42570
429770880
867258439407360
1047566520
8844044927374800
5468962356000
12240
937915062084000
1492300008304560
53507017200
38459409468480
226770382753200
7125300
10266151896000
102084206647119840
8490283130279808000
13092588795686400
6730490756462513040
4088642196629390400
4657940244619200
7735904619300
265025376
21371725828252800
240253860
10480903032600
86090550
52404515163000
2816350505868900
258889315146789600
14991840864000
1470290720371200
7039673203563000
62037370807011600
90442964962350000
1736504927277120
1594586710080
460856338872930000
1047785112213840
163986896259093600
2222110800
1968466500
360046191881376000
339903747580320000
6890892568560000
3006687713309280
114560151962256000
1057531500711766080
516543300
4731468849859752
86133247200
146725117705504800
1325689760023200
605404800
72832605300
733168927719228000
890515347321600000
706074600
6125237838720000
2781381002400
953063449097760
271922998064256000
2985755814241200
48134517631200
79243288740
53542288800
480742618356000
15674856120
737371768809312
59153663923200
16123801841550
12144
121430260387800
494236512000
749346136853113800
216542256524193600
172100214000
7888725
500341407350400
114451461115992000
315684646200
1353018818979828000
598609440
372972600
593676898214400
421171648758
177399764729787600
32057588742379200
291934285843200
13483768334400
1362517394238000
10509634290355200
1298775828495600
277549839567000
166509721602
2707475148
66302915405126400
1995840
6022809112320000
9465511770
850080
178103069464320000
19033511777280
422649444016800
1614998385
240431915567844000
64092818224955520
178713837061119360
7830559737000
3389158080
11440
6588911520172800
3308104800
83453033664000
5620306348800
1113579398419488000
3530580269416200
317687816365920000
13253058000
1092126163339411200
99572813517996000
43321065868080000
234102016512000
30043092119040000
1461457559802240
467001090057902400
10378966752000
29105142005940
4604600
19294499191968000
30482033400
558162298053360000
401968733166000
834541903970775000
77713955078760000
471219840
30595593600
480700
855847144152000
358142400
12079671120316800
14292221623680000
19879587000
724945815320126400
568588989518550000
19480023222660000
51042996576
5141471512123346400
314269956000
259185864168000
213610453056
212594382000
5525242950427200
11480
2683319492700
87673425840
1125768166538400
12045663037207800
63357058832067000
554709765289680
2362967229168000
5650341016320
1447087439397600
6411517748475840
1082900
3349696650300
103109203557360
637783146000
68002990159104000
1355229284507542080
4517106834240
18981614351700
62589775248000
9044296496235000
168658209720
4275180
81900
8315583035760000
664918126000128000
539706271104000
19048712151268800
2639788269300
2271403134000
10751500892714400
790849980349228800
102697333200
576748223251200
157864084297920
19513901523916800
771008958720
3624110407325968560
3235812863683900500
99142203992832000
12156385500
38266934533027200
8311476575001600
5245786
73979050943952000
1040465790
1334243752934400
24568865521200
157839423955290
1004921832915000
41258157969600
2800323495742080
151419110119200
46853398931169600
118266509819858400
5056252403634432000
651189347728920000
8303173401600
7307872110
326151120248553600
94143280
1396755360
154872234316800
67310305920
541513323351000
9756657443332800
21034470600
9444859744320000
665121600
311875200
4339842491427300
72596359836000
4512611027925
1381013105472000
4625534606287795200
4013569337778000
282703284864
1620207863466192000
54970083168000
7567560
468171518855040000
11400280491600
1510683322579200
2223814714561440000
64314997306560000
6062821169172768000
2653415284419900000
237958523652960
57236023718644320
299753826732360000
4032429102455754000
5846297688000
12454760102400
21610567939410450
2833457923296000
3503211430118400
8190946225045584
269283745435985280
21829691381715360
1015156976842008000
1220940
5575232824761600
2381492471694336000
5198527904169600
630754719039244800
64808314538647680
8540678361600
299836817280000
6573622382046720000
16024753945200
3909315243771756000
57088413083651040
1638819000
10629719100
103789667520000
58997484000
7965077818298832000
1851666129675648000
33744830255136000
108340980602911056
7569056628470937600
90040996229184000
164430
8777919427200
76001869944000
487832872166640000
416761182546508800
99387873585000
1413516424320
5547097652896800
11773136724148800
327445370725730400
4644558718800
55895282935430400
9541235864160000
46558512000
24418800
6750866097775800
643903749434400
1596039268824000
5025449765700
13898841966009000
563800301064000
127075126546368000
57336623575319088
333943255245600
25401694500
27385657281648
2483596706217026400
85499215200
2187996208369171200
1263531087819000
8720111323123200
1586125981440
293025600
480480
8136521333184816000
2755853100
1575848005241328
81518134698000
97292210400
38050964028997920
95136458376960000
557174830424612400
1053807440400
281585880576000
4365938276343072000
6344731105262550
5502474092115000
936120098891577600
353499897483532800
1402410240
7135103322946684800
33145226400
14163622200
11550
3513900
297804430560
3071604834392094000
545742284542884000
13398957772200000
207579335040
98017920
1786527702960000
6380374572
17925027120
1140113772000
170314674279750
119653565850
2271467887016328000
63669933196669800
5066791329600
1040862094272000
52929676800
224815370049270000
284689278720
403650401970816000
7110781013700
1719088196310084600
770262429736800
1798432526880
43851134527200
526692958711920000
1207007359658100
1461685811040
903526123500
37657312
56728050720
51891840
6767063940
14972718618000
90567738003600
7242044157948600
3664533600
4584895415100
523816809516000
595501626720
11628
142863424704000
26732160
1298668214844000
2252510211887535600
324897017760
1355132050272000
369581468256000
98422421577480
371449886949741600
551350800
27992073330144000
5765760
235586070720000
965361519380372400
9245179610525430
8470183028172138000
7169242573295712000
73815
8928964044000
389755814688240
34220506320
138874959725673600
41085139887792000
9424940515200
274010536800
6844101264000
298652802575400
20358520
28190015053200
236637794250
3129488762400
1281101754240
1963217256
4768810879833000
37442160
8452617465600
171551420837596800
790039438067880000
2704051350
172080900531540000
87580285752960
159839479800
3028382202384000
1065564271357740
4060238364
258112630776
2520291146167872
17907600099654720
116570932618140000
3424912501570560000
39866461034400
55870214400
7210433815200
36324288000
1407929402880
237841145942400
4379014287648000
669278610
660885825600
3301124698872000
13378564459260000
399598699500
230464634400
253339566480
352158341895360000
4348681603314048000
11508442545600
30096806890176
2933895714750
689887973949174000
23230136769840
4078844970963840000
566473564800
471435128564400
8086598962041600
7918224419367662400
177985742014080
1186904041202880000
1055581527000
44349776190720000
1385246095833600
180190395000
64055087712
115655019480000
183415803070500
114866462529000
634740891840
1137177979037100
18332414100
440064396802800
15660590400
334513969485696000
113081313945600
9012321618780480
13661314987320000
4281630981273828000
20778691437504
46806004944578880
13651577041742640
974802747606105600
610315580160
21118306154400
383202705600
466720582623680
44595214864200
334713588997920
5953731179235840000
45824060784902400
113513400
272420817068400
401289873304320
3076291325250
1181069058929760000
548046584925840
1398006326461140
3107279487312000
88353720
6019348099564800
187008222937536000
76398578146800
5846337220323600
47133319664471040
115638365157194880
974053080
33974075025891000
347300985455424000
5136201530460
2395851770825833320
2736067317984000
67530747171888000
831140131659037200
4947307485120000
36672478927484400
346845300421019400
2926997232999840
20955447466800
73366321228200
200074178304000
7116207086596608000
2248038410559341400
26152446440120
309312410298091200
20298021663920
10092721438800
25237812600
32952082514551200
8248330941282432000
249814842076800
13244
33048451800
4532049967737600
4036032000
184174765014240000
415573828750080
133506533160
9816086280
66258582390
147094200
1588439081829600
419655357425304000
145876626000
130320960
3755317538392992000
13031050812572520
12870
2133034420809600
8039374663320000
534309208392960
7235437196988000
325584
386637768170734080
666172912204800
7286034659904000
21405703134816000
176420380231751040
46174869861120
25270621756380000
7432535810700
5710053533184000
438729741450
2630202775200
5945919435788904000
232792560
147922873768406880
89017803090216000
103273129159200
440197927369200
5315289033600
180324117000
50456300246352000
946132078558867200
2539828286835840
79801963441200
1192417160805090
7293101438891268000
2454860399191200
131577066019872
43997793840
63495707170896000
2964061900800
42389430042960000
15118025516880
82483309412824320
796210066080
68499121244400
107465139714240
118735379642880000
1819484766459360000
77833515009650400
56062555829280
148928197550932800
206137811880000
472427623571904000
924505035300
50965887622505856
1136621406945024000
399072960
59281238016000
1782959457358759680
51979200
33990374758032000
22638454658820
7227370934784000
2754897600
458423519016022560
4503224796986916000
415800
1038934571875200000
1299292874880000
16538142164544000
16988653281600
6405508771200
1812819987095040
148843279480896000
326726400
2842944947592750
827662189479840
1426911151087422000
1554279101575200000
847086240
813652133318481600
1061285391284976000
48048
1193808
7120080
1420752361810320
1386274107778560
74046
1050207657408000
1926513282133440000
1292706174900
604721020675200
370333225935129600
292607199284400
142954687814400
25088547711427200
465817912560
49228483941000
26342975096998560
339249535221236640
3092067178200000
194378184000
29448258840
13872904377696000
12514974584112000
183014536320
1141528920869937600
3855167316000
1716937922700
5359583108880000
171360
2143805856192
5382780480
21179187757728000
16472278800432000
89513424000
1228657629795195600
456705487438200
22649383350594000
4447629429122880
252852818400
3640425703200
73072877990112
4434994118244690000
4913773104240
203349484800
258120390528000
920572649696700
27704671055301240
2761226977010261760
3172434977416320000
219295110033120
4497552259200
2208843000
46513524837780000
7086479400
1689923931696000
590539950
74511637200
400286648621059200
260932815
3900223812972286800
9913287384000
1602879437118960000
172576686063141360
526859501939971200
111632459610672000
222406430400
3201397628520
143353345236192000
356017421760
99132873840
25443295637760000
2029384748213222400
624660036
4952665159329888
116925953760
393693300
4972318592501832000
38144723760
803546158317840
100583946638175
462369068399700
3042312350
2162160
246387645504
24036012000
4087552182714000
1341555588172800
112634771257008000
3487131648000
7135234378272000
13551320502720
1095056202240000
57217085640
27179260020712800
955610392921984800
2891283595200
5637539462454900
813137570704525248
7553416612896000
1253498400
28844557101360
31294312819941600
1388162575800
12650
13199338152000
4424220853180128000
6450370152223397400
24391643608332000
3728016870563040
4458776370048000
479518439400
50617245382704000
3897878624640000
77672765927156400
545845429937808000
2620091387598300
2390003616000
2930352064780140000
45064638178560000
1325126880
134359011640854000
628854181956000
3792894199189920
4680600494457888000
117327450240
72681840
11993472691200
12827415590080
220937435927208000
838429244031456000
78960960
1708485760800
6446563200
643317828140988000
141214920
12600
306651290400
423832922069356800
5853994465999680000
5549161751078400
27399648497760
1111489797600
61306200027072
96472495959840
1391430230190000
7632759224376000
2804371148526047100
2466094831200
4336925392800
1365269954630400
923953670640000
679481500517820
6339741660252000
1745944200
74256
102965940
116867520
9711535645152000
8896539960
548680860
12504636144000
28090291131302400
63397416602520
7119456166536714000
176997497689584000
1044074631600
574574136776640000
81477396000
180387913091760
63707449806000
92762015346000
493406998794412560
252385320779592000
1868751860976000
977407200
19612560
847660528
9228873975750
41985687744000
125288955792000
693645218884800
1068586291412640
1365500263327200
4888643760
2522815012317600
6132963294944085600
5512548328716000
1294446575733948000
808906548235500
6704425728000
367567200
250049192190557760
1882976143688640
6106207379500800
666477936432000
10518300
73830991806000
17036182800
15534553185431280
1940783750889984000
329926017473652600
65352922223846400
66454080
283536376106583600
42377557622400
93836020449600
1039020662796480
10119492583200
230308696800
115783668000
1792502712000
51946728593760
80467157310540
744216397404480000
172560130470
3180411954720
2648955762933480000
74412
1852538688000
363424501440000
15367514979136320
207941116166784000
6264447789600
4399013566315368000
103104136766030400
8932638514800
1572135454890000
