156280745119098600
1325171647800
4223788208640
512794800
171677191673988000
1160082924000
569929822285824000
127734235200
37353738800
73582104525930000
234711657180000
1080491954750208000
51330759480000
6453009763200
1725742732560
2038638393792000
19122246000
6118267456445760000
1829881822267699200
163925601840
345696951600
817262451205200
201894000
14783258730240
30569300511750
25890921975718800
43777077087744000
588664430640
514829700
55450964311142400
11943150991200
8475511524480
8682263617727700
33463930500
230141528673056
52267807732140
1220815585237248000
813079230163200
364666034728195200
3750737882858366400
571266802656000
7549794450198000
89951045184
95561174709000
775200
2702700
119781748944000
170931600
17760600
15986870759059200
100615354039200
10950602761098000
551910379159339200
2896817663179440
2808360296674732800
6706047348000
158797654784408640
1858410941587200
1303105081257252000
1696391424000
35620613892864000
10815650722800
18865625458680000
189436901157504000
123760
903424727790585000
5162427015946200
5893592480455680000
5094557346086208000
616277098316880000
8803958547384000
2753294408504640000
58772246027695200
82281144438773280
37962934037028000
32164804758240
982913547005470080
2495293394001408000
910754332488000
7218075217473120
152897879534400
188972784000
355861598400
144564179760000
29143262493072000
41186376
1268973990966528000
12570798240
274850415840
4577366851200
6357453960
84475764172800
614572358400
325221914777760000
850037376988800
39331656000
92148145031762820
302136664515840
12410524583402400
8283680931030785280
189852164440979040
6577129372864050
1392937076061531000
4795815275859928320
134882193600
1488160674000
9396671684400
6504658040092212000
945121253688612000
888939900392544000
573367048254000
13703032079193600
39411128588832000
132059378210760000
33856556438409705
806154069845124000
44963074009854000
2370038245344
100663926002640000
815181346980000
71960836147200
1801800
216216
1861121124210348000
69313705388928000
7588767713440914000
157688679759811200
369807184421017200
1991269454574708000
942809868000
93024
1817174309613062400
59715116284824000
7118788300104581100
4295029200
572702421582720
4272209061120
580041462000
4746720
1297878086736000
547992969955200
3226504881600
3950063742240
22548903300
1287474516968640
391441771409119200
77061511399950
3051577900800
100947000
3188675231420
257414850
285633401328000
44975522592
24817035880
1351350
3349739443050000
85465800
8880300
89472404893512960
15944556055428000
17000747539776000
14833897694226
6945810894182160000
2161135200
848195712000
1918487135565000
62403600
17810306946432000
5407825361400
61880
1858916324865600
479493848710800
139540574513340000
8174685129306696000
41272209661082400
1482543143040960000
20593188
4758377944320
6285399120
12231830362752000
17116942883040000
4134395865600
405051965866548000
2923408968480
22595200368
555953678640360000
38718058579200
8506091283197508000
410237366175
4141840465515392640
19705564294416000
9448639200
1467486151560
73669906005696000
900900
1866138222009600
56623458376485000
641885358114000
358841453668663680
1870026009972120000
3273147198921600
78844339879905600
41695117279200
3545909465498400
3497127978544200
1412104320
3600461918813760
649368720
135373757400
8545709096660736000
130881150400
675675
4440150
8500373769888000
493640
8485840800
213127200
30940
4172651683200
39967176897648000
13127595717600
4087342564653348000
711151920314035200
123559128000
10296594
6115915181376000
277976839320180000
26344311392805120
246387645504000
1531309459680000
63033920209653120
933069111004800
173155761979200000
179420726834331840
594319819119586560
320942679057000
1636573599460800
32125373280000
706052160
37730757764700
111488037160500
653409741600
17347180055400
3585005424
95167558886400
106563600
23064370560
6563797858800
5148297
360802525597113600
1041902956366272000
138988419660090000
123193822752000
1251677700
31516960104826560
133784560
385358454936000
1925380705248000
818286799730400
123410
180401262798556800
731574480
409143399865200
4096500789981600000
163352435400
1023952465972800
960469686196020
30856
365787240
212964601851185184
81676217700
480234843098010
114356642400
57178321200
