100 58
4147771098 6381314084 1313688436 1313688436 1116532144 2888255512 2888255512 5769564472 5701156036 802680996 2006936234 4938829132 1206126160 2624217316 4465364456 331630521 4465364456 1463215504 510211018 3017634489 5769564472 207328691 1234918568 352790206 5769564472 352790206 2052342560 2922911824 1343410240 212019440 455829722 2101297116 1343410240 3232829528 1233414400 3232829528 4412419628 4147771098 2922911824 2888255512 230927324 2888255512 1233414400 2593102558 2624217316 3232829528 3017634489 1179441649 853896056 3232829528 3017634489 1463215504 4642607562 2922911824 4938829132 2888255512 2101297116 455829722 3232829528 802680996 207328691 6381314084 6457883768 2235370376 6457883768 207328691 2968131680 5769564472 3414999844 230927324 1313688436 2052342560 1103293672 4197540396 2101297116 213510544 2922911824 2651770720 1929246960 2683589440 1343410240 4412419628 3210174654 6457883768 1929246960 352790206 2593102558 207328691 331630521 1886564019 4197540396 5769564472 5701156036 1116532144 2888255512 2888255512 461299244 207328691 207328691 724815692506466 
35120 14612 75506 14612 14612 35120 54933 38252 35120 35120 6037 34343 76412 34343 38252 35120 35120 54933 76412 76412 38252 58438 6037 34343 6037 76412 34343 76412 35120 35120 38252 34343 84514 75506 84514 38252 34343 34343 84514 6037 34343 14612 34343 35120 58438 6037 14612 54933 54933 6037 6037 34343 75506 14612 34343 34343 35120 38252 54933 34343 54933 54933 34343 58438 76412 6037 35120 54933 38252 58438 6037 76412 75506 38252 14612 34343 54933 54933 75506 54933 75506 6037 75506 75506 38252 58438 84514 38252 54933 38252 54933 34343 38252 75506 75506 35120 38252 84514 54933 75506 
84514 75506 14612 84514 38252 14612 58438 35120 76412 75506 38252 84514 34343 84514 76412 34343 75506 58438 84514 6037 6037 38252 54933 76412 38252 34343 84514 75506 35120 38252 38252 54933 84514 35120 14612 76412 35120 84514 35120 35120 75506 58438 38252 14612 6037 34343 6037 84514 38252 75506 6037 6037 54933 84514 76412 75506 14612 35120 58438 6037 14612 35120 35120 75506 35120 58438 54933 34343 75506 75506 35120 54933 38252 6037 35120 34343 35120 75506 76412 54933 6037 75506 58438 35120 14612 76412 14612 14612 84514 34343 35120 38252 84514 75506 34343 38252 76412 35120 6037 54933 
76412 54933 76412 38252 38252 75506 34343 84514 75506 58438 75506 35120 14612 14612 84514 6037 6037 84514 6037 14612 35120 34343 58438 54933 6037 38252 38252 76412 58438 14612 34343 84514 58438 38252 14612 35120 54933 35120 58438 84514 75506 35120 38252 35120 84514 58438 35120 54933 75506 76412 76412 75506 34343 6037 38252 76412 14612 76412 84514 75506 14612 34343 75506 38252 34343 14612 75506 84514 34343 34343 34343 54933 75506 34343 75506 76412 76412 76412 34343 38252 54933 38252 6037 76412 34343 34343 54933 34343 35120 34343 14612 84514 35120 54933 54933 14612 54933 84514 75506 35120 
34343 58438 35120 54933 14612 35120 75506 84514 14612 76412 58438 14612 54933 38252 34343 14612 84514 76412 34343 34343 54933 6037 75506 84514 38252 38252 75506 75506 84514 34343 76412 76412 75506 76412 84514 54933 14612 84514 75506 84514 38252 84514 84514 14612 38252 34343 34343 75506 14612 54933 54933 76412 54933 38252 6037 84514 84514 58438 76412 84514 38252 38252 6037 54933 76412 6037 54933 76412 34343 76412 58438 75506 34343 75506 84514 54933 6037 76412 35120 38252 34343 14612 75506 58438 58438 76412 58438 75506 14612 54933 75506 75506 75506 76412 38252 38252 14612 58438 84514 54933 
38252 35120 84514 38252 35120 58438 6037 75506 14612 75506 58438 6037 54933 75506 6037 58438 75506 6037 84514 14612 84514 35120 38252 75506 58438 6037 6037 35120 6037 35120 34343 76412 14612 34343 34343 6037 58438 76412 14612 84514 84514 58438 54933 76412 14612 84514 34343 75506 14612 6037 75506 58438 84514 76412 76412 58438 58438 35120 35120 34343 35120 76412 14612 84514 35120 75506 75506 54933 75506 75506 76412 84514 84514 34343 76412 38252 75506 35120 35120 35120 6037 58438 6037 35120 76412 35120 75506 58438 14612 6037 14612 75506 76412 34343 35120 54933 54933 34343 84514 58438 
54933 54933 35120 76412 14612 14612 6037 38252 35120 6037 34343 75506 75506 76412 76412 84514 54933 35120 58438 58438 34343 54933 75506 34343 54933 84514 76412 58438 14612 75506 75506 84514 75506 14612 14612 75506 38252 76412 34343 84514 84514 14612 14612 84514 76412 54933 58438 75506 34343 38252 6037 38252 54933 54933 38252 38252 34343 38252 14612 38252 38252 14612 54933 14612 35120 38252 84514 54933 76412 75506 76412 34343 54933 34343 34343 38252 35120 58438 84514 75506 75506 14612 6037 14612 6037 76412 75506 84514 84514 84514 84514 76412 54933 54933 76412 14612 34343 75506 35120 6037 
35120 34343 14612 76412 75506 35120 35120 14612 14612 58438 38252 54933 76412 76412 84514 14612 84514 76412 75506 14612 34343 58438 35120 75506 54933 75506 76412 84514 84514 35120 54933 58438 54933 35120 6037 34343 35120 54933 6037 34343 84514 6037 14612 54933 6037 75506 6037 76412 38252 6037 58438 75506 14612 54933 35120 6037 54933 35120 75506 84514 34343 84514 38252 34343 14612 75506 58438 14612 14612 38252 6037 34343 75506 75506 6037 76412 54933 34343 76412 76412 34343 38252 84514 34343 75506 35120 58438 58438 54933 35120 38252 84514 34343 76412 76412 76412 14612 84514 34343 76412 
75506 6037 75506 35120 58438 54933 38252 54933 38252 14612 54933 76412 54933 6037 76412 54933 84514 34343 84514 35120 14612 58438 38252 75506 76412 35120 54933 38252 75506 38252 34343 14612 38252 54933 75506 54933 54933 14612 75506 84514 76412 6037 75506 58438 14612 34343 6037 75506 34343 54933 75506 54933 54933 54933 38252 34343 76412 34343 84514 14612 38252 54933 58438 6037 38252 58438 6037 38252 14612 75506 54933 35120 38252 14612 58438 84514 38252 76412 14612 58438 84514 14612 76412 54933 38252 58438 58438 34343 38252 58438 14612 38252 75506 84514 35120 84514 54933 35120 84514 35120 
6037 84514 35120 76412 84514 54933 38252 34343 76412 35120 75506 14612 14612 84514 14612 76412 6037 38252 6037 38252 14612 38252 34343 84514 84514 35120 84514 38252 75506 84514 58438 54933 75506 6037 35120 6037 84514 34343 6037 14612 38252 35120 6037 84514 75506 38252 54933 84514 35120 76412 35120 6037 75506 54933 35120 14612 14612 75506 76412 38252 38252 75506 54933 35120 84514 84514 6037 6037 35120 84514 35120 84514 34343 76412 54933 34343 58438 34343 14612 76412 58438 14612 6037 75506 54933 84514 35120 58438 75506 6037 14612 54933 75506 38252 6037 54933 14612 6037 84514 54933 
84514 76412 84514 76412 75506 54933 34343 76412 76412 58438 76412 35120 38252 54933 54933 54933 35120 38252 75506 6037 75506 6037 6037 84514 58438 84514 54933 34343 84514 14612 38252 35120 34343 58438 54933 75506 6037 58438 38252 6037 34343 75506 58438 34343 75506 14612 6037 34343 58438 14612 35120 75506 75506 38252 75506 35120 38252 84514 35120 75506 84514 38252 35120 6037 84514 84514 35120 14612 58438 54933 54933 75506 6037 35120 14612 38252 75506 54933 58438 54933 75506 58438 58438 6037 35120 58438 75506 14612 84514 34343 75506 38252 6037 84514 34343 75506 58438 34343 14612 35120 
75506 75506 84514 76412 34343 76412 38252 14612 6037 14612 84514 6037 35120 54933 35120 75506 84514 75506 58438 38252 54933 34343 34343 14612 54933 75506 75506 54933 35120 58438 54933 38252 35120 58438 58438 76412 84514 84514 38252 14612 6037 34343 75506 35120 38252 75506 38252 38252 34343 6037 75506 58438 14612 84514 14612 38252 6037 76412 38252 75506 76412 6037 6037 38252 58438 14612 14612 75506 35120 58438 35120 38252 76412 58438 75506 76412 58438 58438 76412 14612 84514 6037 34343 34343 38252 14612 54933 76412 54933 84514 34343 84514 84514 76412 34343 14612 34343 35120 38252 14612 
34343 34343 58438 76412 14612 14612 6037 54933 84514 84514 14612 58438 38252 58438 14612 54933 75506 75506 84514 35120 6037 38252 76412 75506 58438 76412 34343 34343 54933 6037 76412 54933 6037 35120 58438 6037 76412 35120 54933 35120 84514 38252 6037 14612 34343 34343 14612 6037 58438 14612 75506 76412 35120 6037 35120 35120 35120 35120 84514 75506 84514 14612 35120 84514 14612 14612 54933 38252 75506 6037 54933 54933 6037 84514 35120 14612 84514 14612 34343 54933 84514 76412 35120 58438 76412 54933 58438 76412 76412 58438 84514 34343 35120 6037 38252 54933 34343 84514 84514 38252 
35120 84514 6037 6037 35120 34343 76412 76412 6037 84514 38252 6037 54933 6037 75506 75506 38252 58438 54933 34343 38252 76412 34343 35120 38252 75506 58438 58438 75506 75506 34343 76412 38252 54933 75506 84514 34343 34343 75506 76412 76412 6037 34343 58438 38252 14612 38252 76412 76412 38252 76412 54933 84514 35120 38252 76412 84514 54933 34343 76412 35120 34343 14612 76412 84514 34343 76412 35120 84514 58438 54933 38252 38252 76412 58438 35120 14612 75506 58438 84514 58438 34343 34343 75506 38252 35120 76412 76412 14612 14612 54933 34343 34343 14612 14612 84514 35120 6037 34343 76412 
14612 34343 14612 58438 75506 58438 76412 38252 38252 54933 75506 75506 34343 6037 76412 14612 14612 58438 6037 34343 84514 34343 58438 14612 14612 75506 58438 58438 58438 75506 35120 75506 54933 35120 76412 6037 75506 35120 84514 84514 84514 35120 6037 76412 35120 75506 58438 84514 6037 76412 6037 84514 58438 54933 54933 75506 6037 76412 76412 6037 6037 58438 58438 58438 54933 38252 76412 58438 38252 35120 54933 54933 34343 54933 58438 34343 35120 54933 34343 35120 34343 34343 38252 35120 76412 14612 76412 38252 54933 58438 84514 76412 14612 84514 35120 35120 35120 38252 38252 76412 
38252 6037 84514 35120 38252 38252 35120 14612 35120 14612 76412 38252 14612 35120 38252 35120 54933 84514 14612 6037 38252 84514 54933 84514 84514 34343 84514 75506 76412 38252 84514 54933 75506 75506 58438 75506 34343 14612 54933 54933 54933 34343 14612 14612 76412 75506 58438 84514 58438 58438 75506 58438 38252 84514 54933 75506 34343 76412 75506 14612 58438 38252 34343 75506 75506 58438 34343 58438 58438 14612 54933 76412 76412 38252 76412 76412 35120 14612 75506 38252 6037 75506 58438 54933 75506 75506 38252 58438 14612 34343 75506 14612 54933 38252 35120 54933 75506 14612 14612 6037 
38252 34343 35120 14612 6037 58438 6037 54933 14612 76412 54933 76412 35120 6037 76412 76412 35120 76412 35120 38252 58438 34343 34343 58438 84514 75506 6037 84514 54933 54933 38252 6037 84514 14612 14612 75506 84514 35120 58438 6037 54933 54933 58438 75506 35120 38252 14612 14612 76412 34343 58438 58438 75506 84514 84514 84514 58438 34343 38252 38252 35120 6037 75506 75506 38252 34343 76412 14612 14612 6037 6037 84514 84514 35120 14612 35120 35120 34343 76412 35120 54933 38252 35120 6037 35120 14612 35120 35120 84514 58438 75506 76412 54933 76412 84514 14612 58438 84514 35120 35120 
14612 75506 14612 35120 58438 76412 35120 54933 84514 76412 35120 35120 35120 38252 38252 34343 58438 84514 58438 54933 84514 76412 6037 76412 35120 58438 76412 14612 84514 38252 75506 84514 54933 76412 58438 34343 38252 54933 6037 76412 54933 34343 35120 84514 14612 84514 76412 14612 14612 6037 54933 6037 76412 35120 76412 75506 38252 34343 14612 14612 38252 75506 35120 75506 75506 58438 54933 38252 54933 84514 84514 6037 75506 84514 58438 58438 38252 35120 35120 35120 58438 75506 76412 35120 84514 75506 6037 6037 76412 6037 58438 54933 76412 14612 58438 76412 38252 54933 58438 54933 
35120 75506 14612 34343 35120 84514 84514 75506 6037 14612 14612 54933 75506 34343 14612 58438 84514 75506 14612 54933 76412 76412 84514 58438 14612 38252 14612 34343 34343 54933 84514 58438 14612 58438 14612 38252 35120 38252 75506 58438 6037 34343 75506 54933 35120 75506 84514 54933 34343 6037 58438 6037 34343 14612 38252 38252 35120 54933 6037 34343 6037 54933 14612 14612 58438 58438 34343 75506 35120 14612 75506 6037 38252 76412 54933 76412 6037 75506 6037 34343 35120 58438 76412 58438 6037 6037 75506 14612 84514 76412 54933 38252 75506 58438 75506 6037 35120 75506 76412 38252 
76412 84514 35120 58438 84514 38252 38252 34343 84514 84514 34343 14612 58438 38252 35120 6037 84514 38252 76412 54933 38252 38252 75506 76412 58438 58438 38252 84514 14612 76412 76412 34343 84514 35120 76412 84514 76412 58438 34343 76412 75506 54933 14612 34343 84514 6037 38252 14612 75506 38252 34343 6037 84514 34343 35120 75506 58438 84514 75506 6037 38252 76412 76412 54933 75506 38252 34343 6037 35120 6037 84514 54933 38252 75506 6037 35120 38252 58438 54933 34343 6037 14612 38252 35120 14612 34343 84514 58438 6037 6037 38252 54933 34343 75506 76412 38252 35120 35120 14612 34343 
38252 38252 34343 34343 34343 14612 38252 54933 6037 58438 58438 6037 58438 35120 58438 14612 84514 84514 34343 14612 58438 75506 38252 38252 75506 38252 6037 54933 76412 35120 35120 14612 14612 58438 14612 38252 76412 14612 38252 35120 34343 54933 75506 14612 34343 84514 75506 14612 84514 76412 54933 14612 38252 58438 6037 84514 54933 84514 75506 58438 54933 75506 58438 38252 34343 6037 58438 54933 58438 35120 54933 35120 34343 34343 58438 58438 14612 75506 6037 14612 6037 54933 76412 76412 35120 6037 6037 76412 6037 76412 84514 38252 75506 6037 76412 75506 76412 54933 14612 6037 
35120 58438 35120 54933 76412 35120 75506 58438 35120 34343 76412 35120 58438 34343 76412 58438 6037 75506 14612 54933 58438 35120 35120 14612 75506 76412 35120 35120 76412 35120 14612 84514 58438 34343 75506 76412 58438 84514 34343 6037 58438 35120 35120 58438 75506 75506 38252 6037 35120 75506 75506 35120 35120 76412 84514 34343 38252 34343 58438 6037 76412 76412 35120 35120 54933 14612 35120 34343 84514 58438 58438 75506 76412 6037 58438 34343 34343 38252 6037 58438 84514 76412 54933 76412 6037 6037 75506 14612 76412 76412 58438 6037 14612 54933 6037 38252 38252 35120 34343 14612 
58438 34343 38252 75506 35120 76412 34343 14612 35120 6037 34343 14612 6037 76412 84514 84514 14612 54933 38252 34343 76412 14612 34343 35120 34343 84514 54933 34343 34343 58438 6037 6037 35120 14612 38252 6037 76412 58438 35120 76412 14612 35120 58438 54933 58438 84514 58438 14612 84514 38252 14612 34343 34343 6037 14612 76412 58438 6037 14612 6037 6037 76412 6037 54933 34343 84514 35120 76412 54933 38252 38252 54933 35120 76412 38252 14612 38252 58438 75506 84514 38252 84514 54933 6037 35120 76412 84514 58438 84514 58438 54933 34343 14612 38252 58438 34343 38252 34343 6037 54933 
14612 76412 14612 35120 35120 58438 14612 14612 75506 84514 84514 14612 35120 14612 6037 34343 58438 34343 58438 76412 35120 76412 58438 35120 58438 35120 58438 58438 34343 6037 76412 76412 6037 84514 84514 34343 6037 75506 35120 54933 34343 84514 35120 54933 84514 54933 34343 54933 58438 34343 76412 76412 58438 76412 38252 35120 35120 35120 38252 35120 84514 14612 35120 58438 34343 14612 35120 58438 54933 34343 14612 35120 76412 38252 58438 58438 75506 34343 35120 76412 38252 76412 6037 38252 6037 38252 38252 84514 75506 58438 38252 38252 54933 58438 38252 54933 84514 14612 76412 615242400557231 
14612 38252 75506 38252 58438 54933 54933 6037 76412 58438 84514 6037 14612 14612 54933 35120 34343 58438 54933 14612 58438 35120 76412 35120 54933 76412 76412 14612 14612 38252 76412 75506 35120 35120 38252 35120 54933 6037 54933 54933 84514 14612 54933 58438 34343 6037 34343 76412 14612 6037 35120 34343 75506 54933 75506 35120 75506 34343 14612 6037 6037 38252 58438 6037 76412 54933 34343 35120 84514 6037 38252 34343 34343 14612 84514 54933 35120 84514 76412 14612 6037 75506 14612 6037 84514 76412 35120 6037 14612 75506 54933 38252 84514 75506 75506 14612 38252 35120 6037 6037 
38252 6037 76412 35120 76412 76412 6037 38252 14612 58438 6037 54933 35120 76412 58438 14612 38252 6037 75506 14612 6037 6037 35120 58438 6037 58438 35120 35120 84514 76412 84514 38252 38252 84514 54933 84514 6037 14612 34343 38252 58438 35120 76412 34343 34343 38252 76412 34343 6037 34343 6037 35120 6037 6037 34343 76412 58438 58438 35120 75506 75506 38252 6037 54933 38252 35120 35120 14612 14612 58438 35120 14612 14612 54933 6037 84514 58438 76412 84514 84514 14612 75506 35120 6037 76412 34343 34343 58438 38252 75506 76412 54933 38252 6037 84514 6037 38252 35120 38252 84514 
75506 6037 14612 84514 14612 6037 58438 14612 14612 6037 14612 34343 76412 75506 34343 58438 34343 35120 35120 54933 76412 58438 35120 75506 6037 34343 75506 58438 38252 58438 38252 84514 76412 76412 35120 76412 54933 76412 58438 35120 35120 58438 76412 38252 14612 35120 6037 6037 58438 76412 6037 38252 35120 34343 38252 6037 35120 75506 84514 34343 75506 35120 14612 38252 76412 75506 58438 14612 54933 6037 35120 6037 14612 54933 14612 58438 35120 76412 84514 76412 14612 38252 38252 58438 34343 75506 14612 76412 34343 35120 34343 34343 84514 75506 6037 75506 35120 58438 38252 14612 
76412 14612 35120 35120 34343 54933 38252 76412 34343 6037 84514 14612 6037 58438 38252 35120 34343 14612 54933 76412 35120 84514 6037 6037 38252 6037 76412 76412 84514 14612 75506 84514 14612 38252 58438 6037 58438 58438 54933 14612 6037 35120 54933 34343 38252 84514 58438 14612 54933 54933 6037 84514 34343 38252 35120 38252 76412 75506 54933 76412 84514 34343 35120 84514 75506 38252 38252 14612 38252 75506 84514 38252 76412 84514 34343 34343 54933 84514 14612 14612 6037 38252 84514 34343 6037 14612 6037 6037 75506 75506 14612 84514 14612 75506 75506 6037 34343 6037 58438 6037 
6037 35120 34343 58438 75506 6037 6037 6037 6037 38252 58438 38252 35120 84514 58438 58438 84514 54933 34343 35120 34343 6037 34343 58438 76412 75506 84514 14612 54933 38252 38252 84514 34343 75506 84514 38252 58438 76412 58438 6037 6037 38252 14612 76412 75506 75506 35120 76412 34343 38252 75506 6037 14612 6037 34343 76412 84514 84514 58438 58438 58438 76412 38252 38252 76412 75506 38252 38252 75506 34343 34343 34343 38252 75506 54933 14612 34343 34343 84514 58438 34343 58438 34343 76412 84514 58438 54933 84514 38252 6037 76412 38252 38252 76412 75506 54933 76412 54933 54933 75506 
84514 84514 75506 58438 38252 58438 84514 35120 6037 84514 34343 76412 38252 34343 58438 14612 84514 14612 84514 75506 38252 34343 58438 34343 6037 35120 14612 54933 84514 84514 6037 6037 84514 38252 75506 76412 84514 76412 58438 54933 58438 84514 84514 84514 35120 54933 75506 6037 58438 84514 6037 38252 58438 75506 35120 14612 35120 54933 35120 75506 14612 76412 6037 38252 84514 54933 35120 6037 14612 84514 84514 6037 6037 76412 35120 6037 34343 84514 58438 34343 35120 6037 76412 38252 38252 6037 54933 14612 14612 14612 35120 54933 14612 34343 38252 54933 34343 38252 14612 6037 
38252 76412 58438 75506 58438 14612 75506 34343 58438 54933 76412 34343 54933 75506 6037 6037 38252 38252 75506 84514 34343 58438 58438 54933 35120 58438 38252 75506 14612 54933 35120 14612 34343 38252 54933 58438 75506 34343 54933 58438 6037 6037 54933 58438 76412 34343 84514 34343 35120 38252 35120 35120 54933 54933 34343 14612 14612 6037 35120 6037 35120 75506 34343 35120 58438 14612 14612 84514 35120 84514 76412 58438 14612 58438 84514 58438 75506 35120 84514 75506 76412 58438 54933 38252 58438 75506 76412 34343 54933 58438 75506 84514 84514 76412 76412 75506 35120 35120 6037 84514 
34343 6037 38252 35120 84514 58438 35120 54933 6037 6037 84514 58438 76412 14612 76412 35120 34343 76412 75506 54933 58438 38252 14612 38252 34343 34343 34343 54933 76412 38252 84514 34343 75506 6037 84514 76412 38252 35120 38252 54933 14612 6037 14612 6037 75506 54933 84514 84514 75506 84514 75506 58438 34343 76412 35120 76412 34343 35120 35120 14612 35120 54933 58438 76412 14612 75506 54933 75506 58438 38252 76412 54933 35120 76412 34343 84514 54933 58438 75506 84514 35120 38252 75506 75506 35120 38252 6037 76412 14612 76412 6037 54933 6037 35120 35120 6037 6037 38252 54933 35120 
58438 76412 34343 58438 84514 34343 76412 38252 58438 54933 58438 58438 6037 58438 6037 76412 34343 84514 58438 34343 35120 58438 75506 38252 58438 34343 14612 38252 58438 58438 6037 6037 76412 54933 35120 6037 84514 6037 84514 38252 75506 76412 54933 35120 54933 84514 76412 58438 34343 75506 38252 54933 84514 34343 34343 6037 75506 35120 34343 35120 54933 38252 54933 34343 6037 34343 34343 34343 35120 76412 34343 54933 54933 84514 75506 54933 14612 58438 54933 35120 75506 75506 34343 6037 54933 75506 38252 84514 34343 54933 84514 38252 58438 54933 34343 76412 14612 35120 75506 75506 
84514 76412 84514 58438 84514 54933 84514 35120 76412 54933 75506 38252 76412 35120 14612 35120 84514 76412 14612 34343 84514 84514 76412 58438 58438 6037 76412 6037 35120 54933 35120 14612 58438 58438 38252 35120 76412 38252 6037 34343 38252 84514 35120 35120 6037 14612 76412 75506 6037 6037 76412 84514 6037 84514 38252 58438 14612 76412 35120 34343 54933 84514 58438 76412 6037 75506 6037 84514 35120 34343 75506 6037 14612 75506 58438 34343 34343 76412 84514 38252 35120 38252 58438 14612 34343 76412 75506 76412 38252 35120 75506 6037 84514 76412 35120 84514 54933 76412 76412 84514 
35120 76412 38252 54933 14612 38252 38252 35120 76412 58438 14612 84514 58438 34343 76412 76412 38252 76412 58438 84514 6037 58438 14612 58438 58438 6037 38252 34343 34343 84514 76412 34343 38252 54933 75506 6037 6037 14612 75506 76412 38252 58438 38252 6037 35120 58438 58438 75506 75506 38252 6037 35120 6037 75506 76412 35120 54933 14612 84514 14612 58438 35120 34343 6037 75506 84514 54933 84514 54933 14612 58438 34343 76412 34343 58438 38252 34343 76412 38252 84514 76412 84514 75506 84514 75506 58438 58438 54933 35120 75506 58438 6037 34343 14612 75506 76412 84514 14612 54933 14612 
38252 14612 54933 14612 34343 75506 54933 34343 84514 6037 58438 38252 75506 84514 34343 75506 14612 76412 35120 84514 58438 35120 34343 76412 38252 58438 54933 6037 54933 34343 54933 54933 58438 6037 75506 75506 54933 38252 75506 84514 58438 58438 54933 38252 76412 75506 54933 14612 14612 34343 58438 6037 84514 14612 75506 58438 35120 6037 14612 6037 84514 76412 34343 34343 38252 54933 34343 6037 34343 58438 75506 6037 38252 84514 84514 84514 35120 38252 35120 38252 38252 35120 75506 14612 75506 76412 54933 84514 75506 58438 75506 76412 34343 14612 14612 84514 6037 76412 14612 35120 
6037 35120 35120 84514 75506 14612 75506 6037 6037 76412 38252 75506 75506 58438 34343 76412 75506 76412 14612 84514 38252 84514 75506 38252 38252 58438 35120 58438 38252 34343 34343 6037 35120 58438 38252 58438 58438 6037 58438 58438 75506 34343 35120 6037 34343 34343 54933 38252 84514 76412 6037 76412 14612 38252 54933 38252 76412 76412 58438 35120 6037 14612 76412 6037 76412 58438 34343 6037 6037 6037 34343 54933 14612 38252 34343 35120 14612 84514 38252 14612 6037 34343 6037 14612 58438 34343 35120 58438 84514 76412 6037 54933 84514 14612 6037 38252 76412 6037 35120 6037 
34343 35120 75506 38252 35120 6037 54933 54933 34343 58438 38252 76412 14612 84514 84514 14612 54933 35120 75506 76412 75506 58438 76412 76412 75506 84514 76412 38252 54933 14612 34343 76412 58438 58438 38252 14612 76412 54933 38252 35120 58438 14612 14612 76412 84514 35120 6037 54933 6037 35120 54933 75506 38252 35120 35120 54933 58438 38252 6037 34343 6037 58438 75506 84514 76412 84514 34343 38252 58438 35120 76412 75506 35120 84514 14612 54933 38252 75506 34343 75506 14612 35120 75506 38252 75506 75506 38252 76412 58438 76412 54933 6037 14612 54933 38252 6037 76412 34343 6037 38252 
84514 38252 84514 76412 54933 38252 34343 54933 58438 34343 76412 75506 84514 58438 34343 38252 14612 75506 76412 14612 6037 35120 75506 6037 35120 58438 35120 14612 54933 14612 75506 38252 35120 54933 54933 84514 76412 14612 84514 6037 54933 35120 76412 14612 54933 14612 76412 38252 76412 76412 54933 54933 75506 54933 84514 84514 58438 58438 6037 6037 84514 54933 35120 34343 84514 54933 38252 75506 35120 35120 54933 54933 54933 38252 35120 14612 58438 6037 35120 34343 54933 54933 54933 34343 84514 14612 54933 58438 75506 14612 84514 6037 75506 35120 35120 34343 54933 35120 38252 84514 
54933 75506 14612 38252 35120 58438 75506 76412 58438 14612 75506 76412 38252 84514 14612 58438 35120 75506 14612 34343 76412 76412 76412 58438 14612 38252 38252 75506 14612 14612 6037 84514 35120 75506 58438 35120 6037 6037 14612 76412 34343 14612 75506 38252 14612 14612 58438 58438 14612 75506 54933 35120 75506 14612 54933 75506 76412 35120 76412 58438 54933 58438 35120 84514 76412 58438 84514 14612 38252 58438 54933 6037 76412 34343 38252 58438 14612 75506 58438 76412 35120 54933 34343 58438 54933 84514 38252 14612 54933 54933 35120 35120 84514 38252 35120 54933 14612 14612 35120 34343 
6037 75506 35120 38252 38252 76412 38252 84514 76412 84514 54933 75506 6037 58438 76412 38252 14612 34343 6037 34343 54933 75506 54933 75506 38252 38252 38252 58438 84514 54933 75506 84514 34343 84514 14612 35120 38252 35120 35120 76412 38252 58438 76412 84514 76412 76412 58438 35120 54933 14612 38252 38252 84514 54933 54933 84514 14612 58438 84514 58438 84514 35120 6037 34343 35120 6037 14612 54933 54933 38252 34343 38252 14612 35120 54933 58438 35120 38252 84514 35120 38252 35120 54933 76412 76412 38252 54933 84514 35120 38252 58438 75506 14612 35120 54933 75506 38252 84514 35120 34343 
34343 35120 14612 14612 14612 75506 54933 58438 58438 14612 38252 14612 14612 6037 35120 35120 34343 34343 54933 38252 84514 54933 34343 6037 34343 38252 58438 35120 76412 58438 35120 75506 14612 35120 76412 75506 14612 35120 14612 14612 34343 76412 75506 14612 14612 38252 6037 75506 58438 34343 38252 75506 58438 54933 6037 75506 38252 54933 34343 54933 14612 14612 38252 14612 6037 58438 75506 35120 58438 38252 14612 34343 6037 35120 58438 58438 84514 6037 58438 6037 35120 14612 84514 54933 14612 84514 34343 54933 38252 38252 35120 38252 75506 75506 76412 75506 38252 6037 76412 75506 
58438 54933 14612 58438 6037 75506 58438 58438 34343 34343 75506 76412 54933 38252 6037 38252 14612 84514 84514 75506 35120 84514 75506 76412 35120 35120 14612 84514 34343 38252 54933 54933 84514 58438 75506 58438 14612 6037 34343 14612 76412 35120 76412 6037 75506 58438 34343 38252 75506 6037 34343 38252 84514 84514 75506 84514 14612 38252 76412 75506 58438 84514 14612 34343 34343 76412 35120 54933 75506 54933 54933 76412 34343 84514 6037 38252 34343 76412 58438 84514 58438 35120 14612 14612 6037 58438 6037 14612 84514 75506 75506 34343 34343 34343 75506 76412 34343 6037 6037 6037 
58438 58438 75506 6037 75506 54933 14612 54933 38252 35120 84514 38252 84514 76412 58438 84514 75506 75506 58438 54933 35120 84514 34343 38252 75506 6037 38252 38252 76412 58438 6037 38252 34343 84514 34343 54933 14612 54933 38252 34343 35120 38252 75506 35120 35120 34343 75506 14612 75506 84514 34343 35120 58438 54933 76412 34343 84514 76412 14612 58438 75506 14612 35120 58438 38252 34343 34343 38252 35120 54933 34343 35120 54933 14612 38252 35120 75506 38252 84514 34343 34343 84514 14612 58438 58438 84514 38252 54933 58438 58438 35120 76412 76412 6037 76412 14612 6037 35120 58438 54933 
84514 54933 76412 14612 76412 6037 34343 38252 84514 35120 75506 84514 76412 6037 34343 35120 34343 75506 75506 14612 76412 6037 34343 38252 14612 6037 14612 54933 58438 14612 6037 58438 14612 76412 54933 54933 6037 58438 14612 58438 75506 75506 76412 6037 6037 6037 6037 84514 54933 54933 38252 14612 14612 76412 34343 76412 84514 75506 6037 54933 34343 35120 14612 75506 34343 35120 84514 38252 58438 34343 58438 75506 6037 58438 6037 34343 54933 34343 58438 84514 84514 35120 6037 35120 35120 58438 38252 14612 58438 76412 38252 35120 54933 75506 75506 76412 54933 34343 54933 38252 
14612 84514 34343 54933 58438 38252 54933 84514 58438 54933 76412 58438 6037 38252 84514 84514 38252 38252 35120 6037 76412 34343 76412 84514 34343 58438 54933 84514 58438 34343 54933 54933 84514 84514 58438 6037 54933 58438 58438 54933 58438 38252 58438 35120 14612 34343 58438 54933 6037 6037 34343 54933 84514 35120 76412 75506 54933 76412 38252 58438 58438 76412 34343 75506 6037 76412 54933 58438 38252 38252 84514 84514 34343 38252 84514 34343 38252 58438 76412 14612 6037 38252 76412 34343 35120 35120 58438 6037 84514 58438 34343 6037 58438 54933 84514 34343 38252 84514 35120 76412 
84514 35120 14612 76412 75506 34343 84514 84514 6037 35120 76412 54933 35120 6037 54933 75506 75506 35120 76412 58438 34343 35120 58438 54933 38252 84514 54933 6037 58438 35120 6037 75506 6037 84514 54933 75506 84514 6037 6037 58438 35120 34343 76412 35120 75506 34343 38252 76412 38252 75506 6037 76412 84514 34343 34343 6037 84514 54933 35120 76412 58438 6037 58438 6037 76412 34343 34343 34343 38252 35120 6037 54933 84514 54933 14612 34343 35120 75506 76412 34343 34343 84514 6037 35120 38252 38252 58438 38252 75506 76412 6037 84514 84514 75506 58438 54933 6037 34343 58438 34343 
75506 38252 14612 14612 75506 6037 35120 38252 34343 38252 75506 84514 75506 35120 84514 54933 38252 35120 54933 35120 58438 34343 34343 54933 14612 54933 84514 38252 58438 54933 38252 14612 84514 34343 84514 54933 38252 84514 38252 54933 38252 75506 76412 76412 58438 38252 38252 6037 76412 34343 35120 34343 34343 75506 84514 38252 6037 35120 34343 75506 38252 84514 58438 6037 58438 75506 6037 38252 35120 75506 6037 84514 75506 6037 58438 14612 84514 14612 54933 75506 38252 58438 35120 54933 6037 38252 6037 84514 6037 38252 6037 38252 6037 58438 54933 35120 14612 84514 6037 35120 
6037 58438 38252 38252 75506 38252 6037 34343 76412 35120 38252 14612 84514 6037 76412 35120 84514 14612 38252 54933 58438 34343 34343 14612 54933 54933 38252 6037 35120 14612 84514 58438 38252 6037 75506 58438 58438 34343 14612 38252 84514 35120 38252 75506 54933 54933 84514 38252 58438 34343 38252 34343 34343 34343 6037 58438 6037 6037 34343 76412 35120 58438 58438 14612 84514 54933 75506 6037 54933 76412 35120 84514 54933 58438 34343 76412 35120 54933 14612 14612 84514 76412 84514 75506 38252 14612 38252 6037 14612 54933 84514 84514 6037 34343 6037 54933 84514 6037 35120 14612 
58438 6037 14612 84514 58438 34343 54933 75506 76412 6037 34343 35120 58438 35120 54933 76412 14612 58438 54933 38252 54933 6037 34343 54933 84514 35120 76412 54933 84514 6037 6037 34343 14612 38252 35120 54933 14612 35120 38252 6037 38252 84514 84514 6037 75506 34343 35120 84514 14612 38252 58438 58438 58438 75506 14612 38252 6037 84514 34343 76412 84514 84514 6037 54933 84514 35120 76412 84514 34343 84514 54933 76412 75506 34343 58438 14612 58438 58438 54933 75506 58438 75506 34343 38252 54933 34343 84514 76412 84514 6037 58438 54933 84514 35120 35120 35120 75506 75506 54933 578472445737764 
34343 35120 38252 34343 54933 58438 38252 76412 6037 35120 54933 14612 84514 58438 34343 14612 84514 58438 38252 6037 76412 84514 54933 84514 14612 54933 84514 34343 34343 54933 14612 14612 35120 58438 38252 58438 38252 84514 76412 6037 34343 35120 38252 35120 84514 14612 54933 54933 38252 58438 38252 35120 14612 75506 35120 38252 38252 76412 34343 38252 75506 38252 38252 58438 35120 38252 76412 34343 35120 35120 35120 6037 58438 76412 6037 34343 34343 38252 14612 58438 14612 6037 75506 6037 35120 76412 84514 54933 58438 34343 84514 76412 35120 35120 14612 35120 75506 75506 34343 38252 
76412 76412 76412 6037 6037 6037 54933 58438 35120 14612 75506 54933 75506 84514 35120 34343 75506 38252 6037 35120 58438 58438 58438 58438 84514 35120 14612 58438 54933 54933 38252 58438 6037 54933 6037 75506 6037 75506 34343 75506 6037 76412 75506 14612 58438 75506 58438 6037 14612 38252 75506 6037 6037 6037 34343 58438 54933 14612 38252 38252 38252 58438 54933 35120 6037 38252 58438 14612 58438 6037 38252 38252 76412 14612 76412 75506 35120 84514 38252 58438 84514 35120 38252 54933 35120 75506 34343 58438 38252 76412 58438 84514 38252 76412 84514 75506 58438 54933 58438 34343 
35120 75506 35120 34343 35120 14612 84514 38252 14612 38252 14612 14612 54933 34343 84514 75506 34343 54933 38252 38252 84514 14612 14612 75506 6037 75506 84514 38252 35120 76412 84514 38252 84514 75506 38252 54933 6037 35120 38252 54933 14612 58438 6037 54933 35120 34343 35120 35120 35120 38252 75506 58438 84514 84514 84514 58438 58438 84514 38252 14612 54933 54933 14612 54933 14612 54933 75506 6037 35120 58438 84514 76412 84514 58438 58438 6037 14612 58438 34343 14612 35120 38252 84514 34343 84514 75506 75506 58438 6037 54933 58438 76412 54933 54933 54933 35120 75506 84514 75506 6037 
6037 84514 75506 75506 34343 38252 58438 84514 6037 58438 35120 6037 75506 84514 58438 38252 35120 14612 6037 75506 34343 14612 54933 75506 76412 84514 34343 54933 54933 84514 76412 76412 58438 84514 34343 54933 6037 84514 6037 14612 14612 35120 35120 14612 35120 84514 14612 76412 75506 34343 76412 14612 6037 75506 14612 34343 34343 58438 58438 84514 38252 54933 35120 58438 75506 76412 38252 35120 6037 34343 58438 38252 58438 35120 76412 6037 6037 75506 14612 35120 58438 34343 58438 6037 14612 58438 76412 35120 75506 58438 38252 84514 75506 84514 75506 35120 58438 34343 34343 54933 
58438 75506 76412 58438 38252 84514 6037 58438 38252 75506 75506 38252 14612 34343 84514 84514 6037 54933 35120 34343 35120 6037 6037 35120 75506 6037 76412 75506 58438 84514 14612 6037 35120 58438 14612 14612 34343 14612 38252 14612 35120 84514 54933 6037 38252 38252 58438 38252 6037 84514 35120 75506 76412 38252 35120 84514 54933 58438 54933 34343 75506 76412 58438 75506 75506 34343 38252 75506 14612 58438 34343 14612 76412 14612 84514 84514 14612 84514 14612 84514 6037 76412 75506 34343 35120 84514 84514 14612 58438 58438 6037 14612 58438 76412 34343 76412 38252 75506 58438 76412 
58438 58438 6037 38252 58438 6037 75506 76412 14612 75506 84514 34343 58438 54933 34343 84514 75506 14612 35120 54933 14612 38252 34343 35120 54933 58438 58438 6037 84514 34343 75506 84514 38252 58438 84514 58438 75506 76412 38252 34343 58438 75506 6037 54933 38252 84514 76412 14612 76412 54933 84514 84514 54933 76412 38252 58438 54933 34343 14612 76412 35120 14612 58438 6037 54933 38252 76412 58438 54933 75506 54933 34343 34343 34343 38252 58438 75506 14612 76412 84514 34343 76412 34343 6037 58438 76412 54933 76412 14612 38252 14612 14612 6037 14612 34343 75506 35120 76412 6037 6037 
84514 75506 54933 34343 6037 38252 58438 34343 14612 35120 58438 54933 35120 84514 75506 76412 58438 34343 14612 75506 6037 54933 35120 54933 6037 84514 75506 58438 84514 54933 75506 14612 76412 38252 38252 38252 34343 54933 34343 38252 38252 38252 38252 54933 84514 54933 14612 84514 76412 35120 14612 75506 14612 58438 6037 58438 54933 34343 38252 75506 35120 54933 54933 84514 58438 34343 6037 14612 34343 84514 34343 34343 38252 84514 58438 75506 38252 76412 76412 6037 34343 35120 34343 75506 35120 34343 38252 38252 38252 35120 76412 76412 76412 75506 75506 84514 75506 35120 84514 35120 
54933 14612 58438 54933 34343 76412 75506 14612 76412 34343 35120 84514 34343 34343 6037 35120 75506 14612 58438 34343 58438 54933 14612 75506 84514 58438 35120 6037 14612 75506 58438 38252 54933 38252 76412 58438 6037 76412 6037 14612 14612 34343 54933 58438 14612 34343 84514 34343 34343 34343 34343 6037 34343 35120 58438 38252 58438 84514 58438 75506 38252 76412 58438 84514 35120 35120 84514 6037 54933 84514 38252 54933 35120 6037 6037 58438 34343 14612 38252 84514 14612 14612 35120 14612 84514 38252 76412 34343 75506 54933 34343 58438 35120 54933 38252 58438 76412 58438 75506 6037 
58438 35120 76412 84514 76412 76412 38252 76412 35120 84514 35120 14612 14612 34343 84514 14612 76412 58438 38252 38252 54933 6037 35120 75506 75506 54933 58438 34343 38252 14612 14612 75506 54933 75506 38252 76412 14612 76412 54933 14612 75506 34343 58438 76412 58438 38252 38252 84514 84514 38252 35120 6037 14612 6037 84514 76412 34343 34343 6037 38252 34343 35120 76412 54933 58438 35120 58438 58438 6037 58438 38252 35120 75506 75506 54933 34343 84514 35120 6037 76412 35120 38252 84514 38252 34343 54933 58438 84514 35120 75506 35120 58438 58438 54933 6037 35120 76412 76412 38252 84514 
