100 50
1642834593 9704023081 6500382 350000199 350000199 7310518272 8170730496 6012862498 3203028654 6095007114 1383257088 1642834593 1972778 7796736 1383257088 5735826432 1972778 1525161681 1740745728 1567638 1642834593 3841800192 1383257088 6239015113 8836 1567638 972075866 5735826432 1431754127 1972778 4782137409 3159860278 6879707136 8284972 4353892 5658522624 2067408383 972075866 6095007114 972075866 1740745728 4353892 1383257088 7585477632 3159860278 6812192877 350000199 1451314011 1153264581 8170730496 1451314011 9704023081 1383257088 972075866 1469877426 1525161681 9259846 6324249309 9008943577 8836 350000199 6095007114 3203028654 6324249309 3203028654 1919324111 9008943577 1153264581 4082375884 6095007114 1919324111 440454169 3159860278 5735826432 6095007114 1469877426 4562739862 6324249309 6012862498 1972778 2067408383 5658522624 3159860278 6412774 4562739862 6812192877 1567638 1451314011 8170730496 1740745728 1137721617 8682386242 3203028654 9259846 350000199 5658522624 4562739862 6324249309 1137721617 295440813714684 
88138 98509 82944 16677 46318 46318 82944 82944 20987 69153 94 69153 20987 69153 94 88138 46318 69153 20987 98509 94 16677 98509 82944 16677 69153 98509 16677 20987 20987 91453 20987 91453 46318 20987 98509 94 82944 82944 94 94 91453 69153 68221 46318 46318 82944 68221 82944 20987 88138 20987 69153 20987 46318 98509 94 16677 69153 88138 88138 68221 88138 98509 94 16677 46318 46318 69153 16677 69153 20987 91453 16677 94 69153 98509 69153 94 46318 46318 46318 88138 91453 88138 68221 88138 82944 69153 69153 88138 91453 94 94 82944 98509 20987 91453 91453 98509 
68221 91453 94 98509 98509 68221 46318 69153 98509 82944 94 68221 46318 94 82944 46318 20987 91453 69153 98509 68221 91453 88138 82944 82944 94 91453 69153 82944 68221 46318 98509 91453 91453 46318 94 91453 94 69153 88138 68221 91453 16677 16677 98509 88138 88138 46318 46318 88138 68221 82944 20987 16677 98509 68221 68221 16677 88138 69153 94 16677 82944 98509 91453 16677 46318 88138 69153 69153 20987 82944 94 20987 16677 91453 20987 88138 16677 16677 91453 20987 91453 20987 16677 46318 82944 69153 69153 98509 68221 46318 20987 46318 68221 46318 46318 20987 46318 20987 
82944 16677 68221 98509 46318 16677 20987 88138 91453 46318 20987 16677 94 98509 94 94 20987 69153 91453 94 98509 94 16677 68221 82944 98509 68221 20987 94 94 91453 88138 69153 68221 46318 82944 88138 46318 69153 88138 94 46318 16677 46318 20987 68221 88138 82944 88138 46318 16677 20987 94 46318 98509 20987 98509 98509 20987 88138 69153 88138 46318 98509 69153 94 69153 98509 68221 94 68221 82944 16677 69153 94 82944 82944 98509 98509 68221 16677 20987 94 94 68221 82944 82944 68221 68221 68221 16677 88138 20987 91453 20987 82944 20987 46318 16677 46318 
16677 88138 16677 88138 68221 88138 98509 20987 68221 82944 94 88138 46318 88138 16677 46318 88138 69153 94 98509 98509 68221 98509 68221 94 82944 69153 69153 82944 98509 98509 46318 82944 69153 69153 82944 16677 69153 94 69153 69153 20987 46318 68221 16677 68221 68221 88138 16677 82944 94 82944 94 91453 82944 69153 69153 98509 20987 88138 94 20987 68221 94 46318 94 46318 46318 69153 88138 69153 88138 68221 69153 16677 88138 69153 82944 94 94 88138 91453 46318 68221 94 46318 88138 20987 68221 69153 20987 88138 69153 82944 88138 91453 82944 46318 88138 82944 
91453 68221 98509 82944 94 68221 98509 20987 91453 82944 46318 94 68221 88138 94 69153 16677 94 68221 82944 94 46318 69153 46318 98509 68221 98509 94 20987 46318 91453 20987 94 88138 98509 88138 98509 46318 46318 91453 69153 82944 82944 16677 68221 46318 46318 91453 20987 46318 98509 20987 69153 46318 20987 82944 91453 88138 91453 94 88138 88138 20987 98509 46318 98509 68221 69153 88138 82944 68221 82944 82944 98509 16677 94 69153 91453 88138 68221 68221 68221 82944 82944 88138 88138 16677 91453 46318 68221 94 46318 88138 46318 20987 20987 91453 98509 46318 68221 
91453 91453 88138 68221 88138 68221 98509 46318 98509 46318 94 20987 82944 98509 68221 69153 88138 46318 91453 20987 82944 46318 69153 94 46318 20987 68221 16677 46318 94 91453 98509 88138 88138 91453 68221 82944 68221 91453 91453 46318 16677 69153 88138 68221 82944 20987 20987 91453 46318 91453 82944 91453 91453 98509 82944 88138 20987 46318 68221 20987 46318 98509 82944 94 16677 91453 16677 16677 88138 68221 20987 68221 91453 68221 69153 98509 46318 91453 88138 68221 46318 20987 46318 20987 88138 98509 91453 20987 68221 98509 88138 69153 20987 91453 20987 16677 68221 91453 20987 
98509 69153 88138 69153 94 98509 46318 46318 91453 94 98509 82944 68221 46318 91453 20987 82944 91453 16677 88138 46318 94 82944 88138 82944 16677 88138 20987 94 82944 94 69153 16677 20987 69153 98509 82944 98509 91453 69153 69153 98509 69153 46318 46318 88138 82944 88138 69153 68221 20987 16677 82944 68221 88138 68221 69153 88138 46318 20987 68221 94 82944 82944 68221 68221 20987 91453 16677 46318 82944 82944 46318 16677 20987 20987 82944 94 20987 46318 46318 94 46318 20987 16677 88138 98509 94 88138 94 16677 68221 91453 98509 46318 46318 46318 16677 46318 82944 
68221 20987 20987 16677 20987 16677 91453 68221 16677 94 88138 91453 68221 91453 16677 94 68221 82944 20987 98509 16677 98509 98509 94 20987 82944 82944 91453 20987 98509 16677 46318 20987 94 98509 69153 91453 88138 88138 16677 20987 82944 98509 16677 68221 46318 88138 91453 20987 91453 20987 16677 88138 46318 88138 82944 82944 94 20987 16677 69153 88138 98509 88138 94 46318 91453 69153 91453 69153 88138 91453 20987 94 91453 88138 82944 16677 68221 91453 68221 46318 91453 98509 20987 98509 82944 91453 98509 46318 88138 68221 82944 69153 68221 88138 88138 98509 20987 98509 
91453 69153 94 69153 20987 94 69153 16677 88138 82944 82944 98509 68221 98509 88138 20987 91453 94 68221 82944 82944 82944 82944 98509 91453 91453 46318 94 98509 88138 69153 98509 91453 88138 20987 16677 91453 91453 68221 46318 88138 46318 94 91453 69153 68221 94 68221 94 16677 16677 46318 46318 46318 88138 20987 16677 88138 82944 16677 94 16677 68221 16677 68221 82944 68221 82944 98509 20987 16677 98509 46318 69153 98509 88138 20987 82944 69153 20987 46318 20987 91453 88138 94 82944 82944 69153 82944 69153 91453 88138 69153 20987 68221 16677 16677 20987 46318 94 
98509 82944 46318 88138 82944 94 98509 16677 20987 20987 68221 20987 94 16677 94 94 16677 88138 88138 68221 88138 82944 91453 69153 94 46318 88138 91453 20987 88138 68221 69153 46318 91453 68221 82944 91453 20987 69153 69153 46318 98509 91453 68221 91453 98509 20987 20987 91453 20987 91453 91453 82944 46318 88138 82944 69153 98509 94 98509 20987 20987 98509 20987 82944 91453 69153 46318 46318 20987 20987 98509 98509 69153 94 82944 91453 16677 68221 68221 20987 94 16677 98509 98509 20987 68221 69153 94 82944 91453 16677 68221 91453 88138 91453 46318 88138 20987 88138 
68221 46318 82944 68221 98509 94 69153 16677 82944 16677 69153 88138 16677 69153 68221 46318 68221 98509 94 98509 69153 68221 98509 68221 16677 88138 20987 69153 88138 91453 69153 16677 46318 16677 16677 98509 20987 91453 82944 91453 91453 98509 82944 16677 20987 46318 98509 69153 88138 94 82944 94 20987 98509 69153 68221 20987 69153 20987 16677 69153 91453 46318 20987 82944 82944 91453 68221 91453 91453 82944 68221 94 46318 68221 68221 69153 69153 98509 16677 98509 94 98509 88138 82944 68221 46318 88138 82944 88138 20987 91453 91453 98509 88138 20987 82944 46318 68221 69153 
46318 94 46318 69153 88138 16677 82944 46318 94 94 98509 91453 98509 91453 82944 68221 98509 46318 46318 69153 68221 68221 20987 46318 82944 46318 46318 69153 91453 98509 98509 94 20987 82944 46318 98509 98509 91453 46318 68221 94 94 82944 46318 88138 20987 98509 91453 46318 88138 46318 68221 16677 46318 20987 91453 88138 82944 20987 20987 68221 46318 69153 68221 20987 98509 16677 82944 68221 91453 88138 98509 68221 82944 20987 16677 69153 94 68221 88138 68221 69153 69153 20987 94 69153 88138 94 69153 98509 82944 91453 20987 16677 91453 69153 91453 98509 16677 94 
98509 94 46318 69153 82944 82944 46318 94 82944 91453 98509 94 46318 98509 94 16677 88138 20987 88138 69153 69153 91453 82944 20987 20987 88138 46318 68221 91453 94 94 16677 69153 69153 46318 88138 16677 69153 16677 46318 94 91453 20987 46318 82944 16677 88138 68221 20987 16677 16677 98509 46318 16677 94 46318 69153 88138 46318 20987 68221 16677 46318 68221 88138 69153 88138 94 82944 88138 91453 82944 82944 46318 68221 69153 68221 98509 69153 20987 16677 98509 98509 91453 46318 98509 82944 46318 16677 16677 91453 20987 98509 46318 98509 88138 69153 20987 69153 16677 
16677 98509 82944 88138 20987 46318 98509 69153 16677 69153 98509 46318 20987 20987 68221 46318 88138 98509 68221 94 16677 91453 88138 16677 94 20987 98509 82944 88138 20987 20987 91453 16677 20987 82944 91453 82944 68221 69153 82944 16677 94 20987 68221 82944 68221 68221 16677 98509 88138 98509 46318 69153 98509 46318 98509 88138 46318 68221 91453 94 98509 20987 46318 16677 82944 68221 16677 88138 94 94 46318 94 68221 20987 98509 88138 98509 82944 88138 46318 82944 68221 16677 91453 68221 94 16677 16677 69153 69153 16677 88138 88138 69153 46318 20987 69153 20987 46318 
98509 94 20987 20987 82944 20987 16677 82944 88138 91453 46318 68221 16677 88138 69153 94 20987 88138 20987 16677 94 16677 98509 94 88138 46318 46318 98509 46318 16677 98509 20987 68221 98509 82944 46318 88138 20987 94 69153 82944 88138 82944 94 82944 91453 46318 98509 88138 94 46318 68221 94 20987 68221 46318 94 68221 94 98509 69153 16677 94 82944 46318 20987 88138 88138 20987 69153 46318 82944 88138 94 68221 20987 68221 82944 46318 68221 46318 68221 46318 91453 88138 91453 91453 82944 98509 20987 88138 91453 88138 68221 82944 82944 94 82944 68221 82944 
94 82944 68221 91453 88138 91453 91453 98509 91453 82944 88138 68221 46318 91453 94 82944 46318 69153 98509 68221 68221 88138 82944 88138 88138 91453 98509 46318 91453 16677 91453 69153 46318 46318 68221 98509 16677 46318 88138 20987 88138 82944 94 20987 94 46318 98509 68221 69153 91453 91453 91453 46318 46318 91453 16677 98509 98509 69153 46318 91453 82944 20987 94 94 16677 68221 94 69153 68221 69153 88138 98509 46318 46318 16677 88138 94 46318 82944 88138 20987 91453 20987 46318 98509 20987 68221 46318 82944 20987 98509 82944 20987 82944 82944 91453 88138 46318 82944 
88138 46318 68221 46318 20987 69153 94 88138 16677 82944 82944 69153 94 16677 91453 88138 68221 46318 46318 68221 88138 88138 68221 94 91453 16677 91453 68221 46318 88138 88138 88138 69153 82944 82944 91453 91453 69153 68221 16677 82944 20987 98509 82944 16677 82944 69153 46318 82944 98509 68221 94 88138 88138 88138 91453 16677 46318 94 98509 88138 46318 91453 16677 94 91453 88138 94 46318 69153 69153 82944 16677 16677 20987 20987 69153 69153 46318 88138 88138 68221 82944 69153 91453 82944 98509 91453 68221 69153 69153 69153 46318 16677 68221 16677 94 20987 46318 91453 
88138 91453 16677 88138 69153 94 98509 69153 46318 69153 69153 98509 94 16677 94 68221 82944 88138 91453 46318 94 46318 69153 69153 88138 20987 91453 98509 16677 46318 68221 46318 94 69153 16677 68221 91453 20987 16677 46318 68221 98509 20987 82944 20987 82944 69153 98509 98509 94 68221 20987 91453 94 98509 20987 82944 82944 16677 82944 82944 98509 46318 68221 98509 88138 82944 88138 88138 20987 46318 98509 98509 46318 94 88138 16677 20987 69153 82944 98509 20987 69153 82944 98509 69153 20987 98509 88138 91453 88138 98509 69153 88138 88138 91453 16677 91453 20987 94 
69153 91453 46318 16677 98509 98509 68221 69153 20987 88138 68221 46318 82944 82944 94 91453 82944 16677 69153 68221 20987 88138 46318 88138 69153 91453 68221 82944 16677 20987 88138 46318 82944 68221 98509 94 98509 46318 46318 68221 88138 20987 20987 69153 68221 16677 20987 82944 69153 98509 20987 68221 68221 82944 16677 68221 94 68221 20987 91453 46318 20987 91453 20987 91453 46318 16677 98509 94 82944 68221 91453 68221 46318 98509 91453 94 46318 82944 16677 46318 82944 16677 88138 82944 69153 20987 68221 16677 20987 46318 68221 88138 20987 94 68221 16677 82944 98509 16677 
20987 94 82944 94 69153 88138 82944 46318 98509 46318 68221 69153 82944 88138 91453 91453 98509 69153 20987 20987 68221 16677 94 68221 91453 16677 82944 98509 82944 91453 88138 68221 88138 94 69153 16677 46318 69153 69153 88138 91453 46318 69153 91453 46318 98509 98509 20987 46318 69153 94 69153 46318 88138 91453 16677 68221 94 68221 91453 94 46318 82944 88138 69153 16677 91453 91453 98509 46318 91453 91453 82944 20987 82944 91453 16677 46318 82944 82944 16677 68221 46318 20987 68221 20987 98509 94 68221 68221 88138 94 20987 88138 82944 98509 69153 46318 20987 88138 
69153 68221 94 94 46318 82944 94 82944 20987 46318 46318 91453 91453 94 82944 88138 16677 98509 98509 88138 69153 82944 82944 20987 94 68221 68221 91453 88138 20987 98509 46318 88138 68221 16677 46318 16677 88138 46318 91453 91453 94 69153 88138 68221 94 68221 91453 98509 91453 69153 68221 94 91453 82944 20987 46318 91453 98509 98509 20987 91453 82944 98509 94 20987 69153 68221 91453 88138 16677 98509 20987 68221 91453 88138 98509 68221 82944 88138 46318 82944 16677 98509 20987 98509 46318 88138 94 82944 46318 94 98509 82944 82944 94 68221 94 88138 16677 
69153 94 94 68221 68221 98509 20987 20987 94 20987 98509 46318 16677 94 20987 20987 20987 82944 46318 82944 16677 82944 68221 68221 68221 68221 88138 46318 20987 82944 98509 69153 88138 68221 16677 69153 46318 94 68221 16677 98509 68221 98509 20987 91453 68221 82944 20987 46318 88138 16677 82944 91453 69153 20987 69153 20987 82944 69153 91453 98509 16677 16677 68221 46318 68221 20987 69153 16677 82944 20987 88138 46318 98509 91453 98509 46318 88138 20987 88138 16677 82944 82944 20987 88138 16677 46318 94 98509 46318 91453 69153 16677 91453 88138 82944 20987 16677 46318 88138 
16677 88138 16677 88138 94 46318 98509 91453 98509 82944 82944 68221 88138 98509 20987 16677 94 82944 88138 68221 94 16677 88138 94 20987 98509 16677 16677 68221 20987 69153 16677 69153 46318 69153 88138 16677 91453 16677 69153 46318 82944 82944 91453 91453 94 88138 69153 98509 91453 82944 88138 91453 98509 20987 69153 94 46318 46318 20987 94 68221 20987 46318 98509 94 46318 68221 88138 68221 91453 69153 98509 20987 98509 88138 91453 46318 69153 68221 20987 88138 20987 20987 46318 68221 82944 98509 20987 82944 98509 94 68221 68221 16677 20987 98509 68221 69153 98509 
46318 68221 20987 16677 69153 82944 16677 88138 20987 46318 16677 82944 46318 88138 82944 91453 46318 20987 91453 82944 82944 20987 20987 91453 98509 94 98509 68221 69153 16677 91453 94 82944 20987 20987 94 68221 98509 82944 91453 82944 16677 20987 16677 88138 88138 16677 98509 46318 68221 69153 20987 91453 69153 16677 46318 46318 91453 82944 91453 82944 16677 98509 16677 91453 69153 88138 88138 98509 82944 20987 16677 82944 16677 46318 68221 69153 98509 69153 68221 16677 46318 68221 98509 20987 46318 91453 98509 98509 69153 82944 88138 69153 20987 94 91453 68221 94 88138 68221 
88138 16677 46318 98509 88138 98509 46318 82944 94 16677 20987 69153 20987 94 68221 88138 88138 69153 68221 16677 94 94 20987 94 98509 91453 68221 69153 20987 16677 20987 94 98509 98509 88138 88138 98509 94 68221 88138 46318 16677 98509 20987 91453 68221 69153 68221 82944 69153 88138 69153 91453 16677 88138 20987 16677 82944 91453 46318 68221 16677 88138 88138 91453 16677 20987 20987 82944 16677 88138 91453 46318 68221 98509 69153 82944 16677 46318 69153 94 82944 98509 94 91453 94 82944 68221 82944 69153 94 16677 82944 98509 69153 68221 88138 91453 98509 46318 
88138 82944 16677 20987 68221 16677 82944 16677 46318 94 94 16677 16677 91453 88138 94 20987 20987 20987 46318 88138 98509 46318 88138 20987 88138 82944 88138 68221 16677 98509 16677 69153 88138 46318 16677 68221 98509 98509 82944 98509 91453 20987 98509 69153 88138 69153 98509 91453 68221 88138 46318 94 94 94 69153 98509 82944 69153 68221 69153 98509 69153 91453 94 20987 98509 82944 16677 68221 68221 20987 69153 20987 88138 68221 88138 98509 98509 46318 20987 98509 16677 94 98509 88138 98509 69153 20987 68221 94 91453 94 82944 46318 46318 20987 98509 98509 94 
91453 69153 98509 94 82944 16677 82944 88138 98509 82944 20987 16677 88138 68221 94 88138 16677 20987 94 68221 94 91453 88138 46318 68221 20987 68221 16677 69153 20987 16677 91453 82944 68221 68221 88138 16677 82944 69153 46318 20987 68221 94 68221 46318 69153 82944 94 98509 91453 91453 46318 91453 69153 20987 69153 16677 16677 88138 69153 16677 16677 91453 20987 98509 88138 88138 20987 69153 20987 98509 88138 20987 68221 88138 16677 88138 91453 69153 88138 68221 68221 98509 91453 46318 82944 94 88138 82944 82944 88138 82944 69153 46318 69153 20987 91453 91453 46318 82944 
91453 69153 16677 46318 69153 91453 82944 88138 68221 91453 46318 91453 69153 20987 91453 68221 16677 82944 46318 91453 68221 20987 94 68221 69153 20987 82944 16677 16677 88138 98509 69153 88138 91453 94 91453 88138 16677 16677 88138 82944 82944 91453 82944 46318 91453 16677 46318 16677 91453 82944 91453 94 16677 68221 98509 88138 94 69153 46318 91453 68221 98509 82944 88138 88138 68221 82944 16677 69153 91453 20987 69153 20987 98509 46318 98509 94 82944 94 82944 46318 98509 98509 88138 98509 46318 82944 88138 98509 91453 20987 16677 91453 68221 16677 16677 82944 20987 82944 
82944 82944 82944 82944 88138 91453 88138 82944 91453 82944 46318 16677 91453 69153 16677 20987 88138 88138 91453 16677 20987 46318 98509 20987 46318 68221 82944 68221 68221 91453 46318 46318 20987 16677 46318 82944 98509 16677 88138 82944 69153 20987 88138 16677 69153 98509 16677 69153 16677 88138 16677 98509 20987 91453 82944 20987 69153 69153 16677 20987 68221 69153 94 16677 94 16677 82944 88138 69153 88138 88138 82944 69153 98509 88138 68221 98509 88138 46318 16677 98509 88138 68221 98509 98509 88138 91453 68221 88138 69153 16677 20987 16677 82944 69153 46318 82944 46318 69153 91453 
98509 94 46318 16677 82944 94 88138 91453 46318 68221 82944 69153 16677 88138 69153 88138 88138 69153 82944 68221 16677 88138 16677 82944 69153 82944 94 68221 88138 88138 69153 94 16677 98509 16677 82944 91453 88138 91453 20987 20987 69153 82944 98509 98509 46318 69153 69153 94 46318 82944 94 98509 88138 91453 20987 82944 68221 68221 16677 88138 98509 94 91453 98509 98509 91453 98509 68221 94 69153 46318 94 46318 46318 68221 46318 88138 16677 94 68221 46318 69153 91453 46318 68221 68221 46318 20987 16677 46318 82944 88138 98509 46318 94 69153 69153 88138 98509 
46318 46318 16677 91453 98509 82944 88138 98509 94 82944 91453 91453 82944 94 82944 98509 98509 68221 46318 46318 91453 16677 20987 98509 46318 46318 20987 46318 20987 69153 82944 82944 88138 88138 82944 46318 16677 88138 20987 91453 68221 69153 46318 20987 98509 94 69153 94 88138 46318 68221 16677 46318 68221 68221 68221 98509 69153 91453 69153 46318 16677 88138 94 88138 82944 68221 20987 69153 69153 94 88138 94 98509 82944 88138 68221 88138 20987 91453 20987 20987 82944 82944 20987 46318 88138 94 68221 98509 88138 20987 69153 16677 46318 20987 98509 88138 20987 91453 
88138 16677 16677 98509 46318 91453 94 88138 98509 91453 88138 82944 94 20987 20987 68221 94 98509 68221 98509 20987 20987 20987 91453 82944 88138 94 20987 88138 82944 68221 91453 94 68221 98509 91453 91453 69153 69153 98509 16677 68221 46318 98509 46318 68221 82944 98509 98509 68221 69153 16677 16677 91453 46318 46318 82944 20987 68221 20987 91453 69153 68221 98509 91453 46318 82944 94 98509 82944 68221 16677 88138 98509 94 16677 82944 68221 91453 46318 88138 16677 91453 16677 91453 16677 88138 46318 94 94 94 20987 68221 20987 20987 88138 91453 46318 68221 88138 
16677 82944 91453 46318 91453 16677 82944 69153 46318 69153 16677 68221 68221 94 46318 88138 16677 16677 68221 98509 98509 68221 94 68221 88138 46318 69153 16677 20987 88138 46318 20987 46318 20987 20987 20987 91453 69153 82944 68221 16677 98509 94 69153 46318 94 82944 91453 46318 20987 91453 20987 20987 69153 88138 68221 82944 88138 94 16677 82944 82944 46318 16677 98509 20987 20987 16677 69153 46318 68221 16677 98509 94 16677 82944 46318 88138 20987 69153 91453 91453 94 16677 98509 69153 98509 20987 82944 91453 20987 88138 68221 46318 20987 16677 69153 69153 94 16677 
69153 20987 88138 82944 20987 68221 46318 20987 69153 46318 46318 88138 16677 94 98509 16677 91453 91453 94 20987 82944 94 20987 94 88138 69153 46318 68221 16677 82944 82944 82944 94 94 98509 82944 91453 68221 16677 94 94 91453 82944 46318 91453 91453 88138 98509 82944 69153 16677 98509 88138 69153 82944 16677 20987 94 82944 88138 20987 16677 16677 20987 91453 69153 20987 82944 98509 16677 46318 68221 94 46318 94 68221 94 98509 20987 69153 82944 68221 20987 98509 88138 98509 88138 46318 16677 88138 69153 98509 16677 46318 69153 68221 98509 20987 68221 88138 
46318 68221 91453 68221 20987 16677 46318 68221 82944 98509 94 68221 68221 82944 69153 46318 16677 88138 68221 82944 88138 94 91453 46318 94 94 98509 46318 68221 98509 68221 20987 82944 16677 46318 69153 69153 82944 68221 69153 20987 94 46318 98509 98509 82944 20987 98509 82944 88138 94 88138 94 82944 98509 98509 91453 98509 68221 94 68221 16677 16677 82944 20987 88138 46318 88138 88138 16677 16677 46318 20987 46318 98509 91453 82944 20987 94 20987 94 68221 20987 98509 88138 69153 98509 16677 94 20987 82944 91453 91453 91453 98509 88138 82944 46318 94 94 
20987 16677 82944 20987 94 82944 68221 16677 68221 46318 94 68221 94 91453 20987 88138 82944 68221 98509 16677 91453 98509 68221 98509 94 20987 82944 69153 88138 94 69153 94 91453 82944 20987 94 98509 68221 94 68221 20987 69153 88138 16677 46318 94 69153 82944 20987 88138 91453 69153 82944 69153 68221 20987 94 20987 20987 91453 88138 68221 88138 98509 88138 68221 82944 91453 69153 98509 98509 82944 16677 69153 82944 16677 88138 91453 88138 16677 82944 68221 98509 94 69153 98509 16677 88138 98509 88138 98509 91453 68221 46318 88138 91453 20987 98509 20987 88138 
16677 82944 91453 20987 68221 94 91453 68221 69153 16677 88138 98509 91453 20987 94 16677 91453 91453 88138 68221 94 98509 68221 69153 16677 20987 82944 91453 82944 68221 82944 46318 16677 91453 94 91453 98509 20987 94 69153 88138 91453 94 88138 69153 69153 69153 88138 82944 98509 91453 82944 46318 98509 46318 46318 88138 91453 20987 20987 94 94 46318 94 88138 98509 88138 94 94 68221 20987 98509 82944 91453 94 16677 91453 94 69153 20987 82944 91453 69153 69153 69153 16677 69153 68221 98509 16677 20987 91453 46318 68221 82944 20987 82944 16677 88138 98509 
94 68221 88138 16677 98509 69153 69153 69153 91453 82944 16677 69153 98509 82944 20987 69153 46318 82944 16677 69153 69153 82944 91453 46318 98509 20987 46318 94 88138 94 98509 94 16677 82944 68221 98509 91453 46318 91453 91453 98509 91453 20987 88138 69153 94 98509 82944 98509 20987 94 46318 46318 68221 68221 82944 46318 16677 68221 98509 16677 98509 68221 94 88138 20987 88138 94 94 94 94 82944 82944 20987 94 68221 91453 16677 98509 98509 16677 46318 94 68221 46318 91453 94 16677 82944 69153 68221 98509 69153 20987 16677 91453 98509 68221 20987 69153 
16677 82944 88138 16677 68221 82944 82944 88138 68221 91453 46318 69153 82944 68221 82944 20987 88138 46318 98509 16677 91453 69153 69153 94 94 68221 69153 16677 46318 94 82944 68221 82944 20987 69153 16677 82944 88138 16677 20987 68221 68221 46318 20987 46318 16677 69153 88138 94 98509 46318 68221 20987 16677 82944 91453 68221 91453 20987 91453 98509 20987 91453 16677 16677 68221 94 82944 46318 20987 88138 98509 94 16677 98509 98509 82944 94 16677 20987 16677 46318 82944 82944 94 20987 20987 20987 82944 69153 68221 98509 68221 88138 69153 82944 98509 68221 82944 16677 
91453 82944 68221 69153 98509 98509 46318 94 88138 20987 91453 98509 94 91453 46318 98509 94 98509 82944 88138 69153 69153 94 20987 94 88138 46318 82944 68221 46318 69153 16677 88138 16677 20987 20987 68221 68221 46318 98509 82944 98509 88138 20987 69153 98509 88138 16677 68221 69153 91453 98509 16677 82944 69153 88138 68221 20987 68221 68221 82944 16677 16677 20987 98509 46318 82944 69153 46318 82944 20987 68221 98509 46318 98509 20987 88138 82944 46318 16677 16677 88138 68221 69153 68221 98509 69153 16677 16677 88138 94 68221 46318 94 94 82944 46318 98509 16677 94 
88138 69153 68221 16677 88138 20987 20987 69153 98509 88138 91453 98509 69153 88138 20987 82944 88138 98509 20987 16677 20987 69153 20987 68221 16677 68221 46318 98509 88138 82944 46318 16677 68221 91453 46318 46318 91453 98509 88138 16677 88138 94 46318 20987 46318 20987 91453 69153 20987 16677 98509 20987 82944 68221 20987 16677 94 88138 46318 68221 68221 16677 91453 98509 88138 82944 68221 68221 94 20987 20987 94 91453 68221 46318 68221 46318 98509 20987 20987 16677 20987 20987 88138 91453 91453 82944 68221 46318 68221 46318 69153 82944 88138 88138 46318 91453 82944 82944 98509 
88138 46318 46318 94 16677 82944 16677 91453 69153 16677 91453 16677 98509 91453 98509 16677 88138 91453 68221 98509 68221 91453 68221 98509 16677 16677 91453 91453 20987 94 82944 91453 68221 68221 20987 98509 20987 88138 20987 20987 82944 16677 68221 98509 91453 82944 46318 16677 16677 20987 88138 98509 82944 94 20987 20987 68221 69153 98509 98509 20987 88138 91453 82944 91453 91453 91453 68221 91453 46318 82944 16677 91453 46318 98509 88138 46318 20987 16677 88138 68221 16677 69153 16677 20987 94 46318 94 94 94 46318 16677 91453 91453 98509 69153 68221 91453 16677 20987 
69153 88138 20987 68221 69153 68221 82944 98509 20987 46318 91453 98509 68221 88138 98509 20987 16677 16677 46318 46318 20987 69153 46318 91453 88138 98509 82944 46318 94 88138 69153 94 69153 98509 91453 20987 82944 98509 94 68221 94 91453 16677 94 69153 20987 88138 82944 82944 88138 94 68221 98509 94 82944 46318 46318 20987 20987 94 46318 20987 82944 88138 16677 16677 91453 16677 82944 94 69153 46318 46318 98509 91453 20987 68221 88138 98509 46318 98509 68221 88138 69153 98509 88138 16677 16677 68221 16677 98509 69153 69153 46318 91453 20987 46318 82944 69153 20987 
82944 16677 88138 82944 91453 91453 68221 16677 20987 82944 82944 69153 46318 16677 20987 82944 16677 69153 20987 94 94 46318 98509 16677 16677 94 94 82944 98509 16677 94 82944 20987 46318 94 98509 20987 91453 16677 88138 16677 82944 20987 46318 82944 68221 16677 91453 16677 16677 46318 46318 98509 88138 20987 98509 94 46318 68221 69153 82944 94 69153 94 20987 69153 82944 16677 98509 88138 68221 69153 98509 20987 82944 46318 68221 20987 91453 69153 20987 98509 94 82944 68221 68221 69153 68221 46318 68221 69153 94 94 69153 88138 91453 20987 20987 82944 91453 
46318 46318 91453 69153 82944 16677 68221 82944 94 68221 88138 91453 94 88138 16677 68221 91453 82944 46318 98509 88138 46318 69153 69153 68221 20987 94 20987 20987 46318 88138 69153 98509 91453 91453 16677 20987 91453 16677 82944 82944 16677 88138 82944 98509 46318 16677 20987 91453 91453 91453 94 98509 88138 20987 20987 68221 94 69153 16677 94 20987 82944 69153 88138 46318 69153 82944 98509 68221 82944 91453 98509 91453 68221 68221 94 46318 98509 20987 20987 91453 20987 88138 69153 94 94 91453 98509 69153 46318 69153 91453 94 20987 16677 69153 82944 46318 91453 
98509 68221 94 46318 46318 82944 16677 16677 88138 94 16677 91453 68221 20987 16677 98509 94 88138 88138 20987 69153 91453 69153 98509 94 98509 16677 68221 16677 68221 20987 20987 91453 91453 69153 46318 16677 88138 82944 91453 82944 16677 16677 82944 46318 94 16677 98509 46318 16677 91453 16677 16677 94 16677 82944 69153 94 94 16677 82944 94 94 16677 94 20987 20987 20987 68221 91453 69153 46318 91453 88138 82944 16677 16677 88138 82944 68221 82944 16677 88138 46318 68221 88138 94 20987 94 98509 94 98509 20987 69153 91453 68221 68221 82944 98509 69153 
16677 91453 82944 94 69153 16677 88138 88138 46318 91453 69153 94 16677 69153 91453 94 94 94 82944 82944 16677 82944 68221 69153 68221 91453 98509 69153 94 46318 88138 94 46318 68221 69153 68221 20987 68221 88138 82944 20987 68221 88138 82944 20987 69153 16677 94 68221 46318 16677 94 91453 91453 91453 16677 46318 16677 91453 91453 46318 88138 68221 88138 20987 82944 16677 94 98509 68221 69153 88138 88138 88138 16677 94 98509 98509 69153 91453 82944 94 98509 46318 91453 91453 98509 94 98509 69153 98509 16677 91453 68221 98509 91453 94 94 88138 88138 
20987 94 69153 91453 69153 91453 94 94 68221 20987 16677 82944 82944 69153 46318 91453 98509 68221 68221 68221 91453 88138 91453 91453 82944 16677 88138 46318 46318 46318 94 91453 69153 94 94 98509 91453 82944 69153 68221 68221 68221 16677 46318 94 68221 98509 94 88138 82944 91453 82944 46318 91453 82944 91453 20987 82944 20987 16677 20987 46318 69153 69153 68221 46318 91453 88138 82944 82944 46318 16677 82944 68221 16677 82944 82944 94 88138 91453 16677 16677 69153 68221 94 98509 82944 82944 68221 68221 69153 68221 82944 98509 82944 69153 16677 94 68221 94 
98509 98509 88138 69153 82944 46318 68221 88138 46318 69153 46318 88138 98509 46318 98509 94 98509 69153 82944 69153 82944 88138 68221 94 82944 68221 20987 91453 88138 98509 69153 68221 20987 20987 68221 20987 82944 91453 98509 20987 69153 20987 46318 68221 68221 69153 16677 91453 68221 88138 82944 69153 46318 68221 16677 98509 46318 94 16677 88138 94 82944 98509 88138 46318 98509 68221 68221 88138 46318 88138 68221 16677 91453 88138 68221 82944 82944 46318 88138 91453 69153 69153 69153 20987 69153 98509 98509 94 68221 94 46318 91453 82944 20987 20987 98509 68221 88138 68221 
82944 94 91453 98509 82944 16677 82944 82944 68221 82944 91453 68221 88138 20987 82944 88138 88138 82944 68221 98509 46318 88138 91453 69153 94 20987 94 16677 88138 16677 46318 16677 68221 91453 16677 46318 68221 46318 98509 88138 46318 20987 88138 94 82944 94 20987 20987 68221 91453 82944 94 94 82944 82944 16677 16677 94 46318 46318 20987 88138 68221 20987 69153 46318 16677 88138 46318 16677 46318 98509 69153 20987 82944 46318 20987 94 88138 94 69153 20987 82944 91453 20987 20987 69153 46318 94 94 46318 94 88138 69153 16677 69153 94 46318 68221 646988837702292 
