100 2
10
0 68 1 87
0 26 2 64
0 9 2 93
0 92 1 95
0 66 1 95
0 70 2 96
0 18 1 51
0 1 2 18
0 0 1 15
0 26 2 79
100 2
10
0 95 1 98
0 57 2 75
0 56 2 85
0 94 2 99
0 83 1 100
0 29 1 84
0 39 1 81
0 57 1 71
0 68 2 87
0 49 2 77
100 2
10
0 63 1 78
0 60 2 79
0 29 1 80
0 28 1 56
0 42 2 93
0 29 1 36
0 58 1 82
0 64 1 99
0 42 1 55
0 36 1 43
100 2
10
0 88 2 92
0 69 2 83
0 91 1 95
0 98 1 100
0 85 2 86
0 60 2 67
0 83 2 98
0 56 1 63
0 6 1 99
0 44 1 68
100 2
10
0 85 1 91
0 84 1 88
0 35 2 97
0 16 2 45
0 5 1 38
0 1 1 18
0 22 1 91
0 91 2 97
0 3 2 80
0 61 2 63
0 0
