3 100
10
57 0 88 3
92 1 95 3
53 1 94 3
72 0 100 2
39 0 52 1
18 1 36 3
73 0 86 3
22 0 76 1
5 0 11 2
30 1 92 3
3 100
10
37 0 76 2
2 0 86 3
67 0 83 3
53 1 82 3
98 0 99 2
65 0 97 1
2 1 25 3
31 0 94 2
58 1 72 3
62 1 63 2
3 100
10
27 1 59 3
18 1 74 2
68 0 84 3
93 1 95 3
25 0 49 3
51 0 75 3
20 0 33 3
37 0 78 1
27 1 41 3
85 0 97 3
3 100
10
51 0 65 1
70 0 92 2
55 0 93 1
14 0 29 1
35 1 82 2
75 1 94 2
89 0 92 3
54 1 88 2
95 0 97 1
23 0 76 1
3 100
10
1 1 57 2
66 1 95 3
27 1 79 2
6 0 55 2
96 1 100 3
33 1 48 2
22 1 91 2
93 1 99 2
62 1 89 2
29 1 89 2
0 0
