100 100
10
61 1 92 98
34 14 91 82
97 47 100 87
49 63 50 73
36 13 63 51
81 18 87 51
50 22 57 99
9 85 46 94
96 95 98 99
89 76 94 85
100 100
10
32 8 60 36
40 22 87 95
13 5 42 96
71 1 72 54
76 14 84 90
7 8 31 71
66 24 94 57
41 55 86 93
85 71 91 74
26 13 45 65
100 100
10
5 29 51 64
25 45 60 74
67 68 82 96
28 37 60 90
17 78 60 80
5 69 68 76
77 76 97 93
25 37 39 42
58 27 59 93
36 19 45 83
100 100
10
45 4 96 73
79 7 90 51
51 30 95 65
57 94 75 96
63 3 81 80
42 50 75 58
53 67 60 89
27 12 67 41
38 94 48 95
18 89 29 96
100 100
10
53 45 58 96
87 45 89 90
71 39 97 45
89 68 94 84
69 32 87 81
74 62 75 90
23 15 83 16
78 94 85 96
45 58 73 99
84 45 93 51
0 0
