1000000 10
50
8 575750 10 941888
7 908842 8 999310
7 159414 8 238815
5 398433 9 969500
0 424031 10 681708
2 849037 8 961088
0 958981 4 963894
3 356706 7 608733
0 185232 6 874003
3 929290 7 977392
0 945300 7 950687
7 454161 8 484710
2 232743 3 414716
5 33074 10 538168
0 428795 6 799983
0 251940 6 276226
1 253190 7 829048
1 12036 5 497151
1 618479 10 711819
8 990344 9 990785
3 162954 6 858974
5 490304 10 816522
8 65304 9 357634
7 288398 10 338529
2 662503 8 790998
2 665858 8 975568
4 424088 10 710707
4 287051 7 873494
6 414856 9 676500
3 828656 10 890882
8 46007 9 750706
2 348519 6 959142
7 985490 8 991030
8 904947 10 990217
2 992010 3 993940
2 105906 4 543574
8 233420 10 507939
6 58356 8 921587
6 881719 7 956370
2 379056 4 611441
3 748787 6 919641
2 171852 9 589184
4 304468 6 920684
7 237741 9 800586
4 942582 8 954153
5 867288 8 936251
8 750764 9 756901
6 967964 7 972189
8 451821 10 840520
0 292793 7 767971
1000000 10
50
1 417485 6 822961
1 604117 5 643718
3 895384 10 902962
8 546884 9 990745
2 592229 4 697721
8 406732 9 750776
4 271652 10 470498
4 401713 10 416968
2 505865 10 856014
2 373034 5 934083
4 750594 5 906632
3 924157 6 997507
7 48690 8 906280
2 446135 5 938651
0 348475 6 681163
6 680513 8 849870
5 710527 10 968987
1 341697 8 762371
6 879233 9 912165
4 282699 5 896926
0 710336 7 797132
0 372678 5 388065
4 922110 8 950241
0 405941 6 497205
0 342610 5 938319
5 279067 6 977554
1 115703 8 203617
5 695269 7 859542
6 948860 9 968747
0 647196 3 807673
5 588739 10 931656
8 16871 10 672899
6 813677 8 941326
4 333964 8 353346
7 97242 10 586950
3 519951 10 703860
6 90885 10 509994
2 410301 9 728219
5 886959 10 986448
5 133461 7 483911
8 871784 10 951495
4 922347 7 964445
4 923305 5 975512
7 968285 8 969648
8 36033 9 138628
1 389134 4 539734
8 300028 10 934451
1 886303 7 954287
4 907874 6 961389
1 661116 3 774856
1000000 10
50
3 76486 8 410157
6 247398 10 908554
0 59944 5 546529
0 907732 5 924743
6 898061 8 917180
6 528939 9 775307
2 997961 5 997968
3 470648 8 814239
3 979525 4 999391
1 327987 7 524984
6 63207 7 930399
5 477646 7 688269
2 238413 8 916723
4 367927 7 954629
4 337477 8 623545
8 133439 10 440641
0 343391 7 771703
5 659175 10 796448
3 999276 4 999989
3 721405 7 982626
5 813053 9 862912
8 889792 10 995254
6 698247 7 780394
3 147685 4 799937
0 241901 1 345952
3 521995 5 938377
6 958739 7 976617
1 107004 4 627982
5 745397 10 984923
7 935831 8 974090
8 399801 10 868516
3 147808 5 799731
6 656761 7 965251
7 97257 8 178715
4 581081 8 741293
2 169025 3 987480
7 58534 10 313779
4 115833 7 540016
4 979961 8 999344
3 857124 4 862790
1 271251 6 605207
3 399811 5 435145
6 344717 7 906135
6 639186 8 776800
3 431759 4 644709
5 70042 9 651599
7 653420 10 886251
6 536922 8 683357
0 405035 9 866611
3 321042 5 805769
1000000 10
50
0 737253 6 842263
0 606307 6 639863
6 634785 9 645609
8 103298 10 714956
7 29190 10 30363
4 404243 10 975162
4 365099 9 994968
1 19122 5 851241
4 842776 9 956061
3 222863 8 461737
0 85310 6 336462
1 100013 2 122463
2 66149 4 545925
0 856275 3 909380
1 559681 2 960899
6 456409 10 944161
1 199595 4 770226
3 528233 6 670562
3 781478 4 873661
6 927210 8 938886
0 895690 4 905665
3 878371 10 959570
6 987347 7 998964
6 364544 9 654248
4 376388 8 534802
3 260904 7 358394
4 681739 6 845343
2 524379 3 929539
1 159845 5 355667
0 970730 6 992590
0 178579 7 654191
5 81369 6 711883
7 719619 10 890257
8 507635 9 902853
2 549500 9 736584
8 520760 9 969625
2 877397 8 881431
3 1383 6 95148
2 318233 10 710394
7 458502 9 655858
4 336101 9 715748
7 945025 10 994509
8 376740 9 934773
8 791878 9 934541
6 244889 7 651795
1 166047 8 788664
8 294076 10 634961
4 493957 6 597983
7 844234 9 912431
1 426903 10 599305
1000000 10
50
7 818032 8 950301
0 156383 10 816167
2 75358 4 109164
3 107617 6 890907
5 246556 8 460599
5 117525 10 799031
8 932560 10 932741
3 242178 10 752827
2 483393 4 496181
0 639704 1 973844
3 377406 8 816427
7 709034 9 865352
8 351935 9 740900
8 769966 10 855778
3 621664 8 794520
2 874399 3 903686
1 212434 2 466044
1 403025 7 622489
6 526906 9 847692
4 545 5 168496
3 63553 4 311087
1 932393 5 938360
1 858336 7 959538
7 159146 8 446834
5 115661 9 702259
6 637461 10 838527
7 479384 8 509227
8 49348 9 540966
2 715051 9 724248
3 172951 7 855100
0 817338 7 917057
4 882282 8 987814
6 409725 9 658715
3 515637 8 688656
8 737277 10 966451
0 694157 2 903393
8 710455 9 966763
1 483517 9 746990
1 358994 3 757362
8 923304 9 971690
2 339630 8 409798
5 963196 8 984749
1 256916 4 406284
7 491891 9 878432
8 185517 9 762903
4 326269 8 871718
2 446876 4 887383
3 357346 5 549027
8 731743 10 744087
6 289913 7 659780
1000000 10
50
5 779178 7 832639
7 344530 10 783195
6 735893 10 967938
1 865944 10 914592
3 486409 4 653479
4 567845 7 642261
5 498179 6 725368
7 627734 10 911835
3 416691 6 935029
7 348191 10 650203
1 59383 4 600740
7 918545 8 978923
1 334473 10 773234
1 115898 8 261323
8 56877 10 525946
8 96450 9 445625
7 566505 10 817157
3 342342 6 992601
6 314572 9 962267
5 517325 8 789876
4 901161 5 911449
4 826860 8 953536
6 38557 7 965365
6 216870 9 403264
8 42924 10 368097
2 99732 8 626022
4 820021 9 865280
2 150934 10 994058
2 813879 4 909342
1 227362 9 496007
0 705709 3 920855
3 310839 10 658003
6 335977 8 596230
6 815198 10 945680
1 973817 4 999335
1 290840 10 787911
1 345505 5 481180
4 522175 8 882403
7 889447 9 944239
1 622893 3 918821
1 458969 6 921072
2 316500 4 976139
4 729826 7 749374
0 879172 3 988229
6 176499 8 975360
8 506311 9 687518
8 197259 10 572235
4 290247 5 878520
2 591064 9 801664
8 805263 9 831817
1000000 10
50
6 559173 9 819639
8 492360 10 675585
7 833980 9 906170
1 771224 5 866174
0 322829 1 364134
2 506862 9 849853
6 97676 7 204265
4 938411 5 967956
2 677140 7 967055
5 10063 10 372622
4 708769 10 867717
0 879520 6 901043
4 30661 5 267545
2 953674 3 964019
5 107472 8 882414
2 456703 9 474283
0 411615 7 439147
4 243677 10 836721
5 753239 7 874180
2 620499 8 939207
5 948539 7 955433
7 848344 10 950070
4 185348 10 374660
8 129355 9 434364
4 68093 6 135894
8 964923 10 973735
6 349992 8 537390
2 265303 10 596071
1 525808 9 546681
1 316730 6 626068
5 727542 7 809332
0 430115 3 543824
5 853245 8 903896
4 969204 6 971243
2 13508 3 912851
4 256113 7 759758
7 232772 9 386707
2 791226 10 816835
6 558050 8 598590
6 418636 7 817112
0 11355 6 555164
4 83290 9 139006
0 965515 10 987973
7 152027 9 177643
0 941666 10 943299
2 185897 4 915261
6 108903 7 463550
2 975093 9 989115
5 520677 9 613113
3 774500 6 886887
1000000 10
50
1 967336 4 999932
7 617656 10 955564
0 700854 4 977517
8 524576 9 599638
3 120277 9 976263
6 885020 7 896519
0 758983 4 885747
0 967053 8 998536
5 552438 6 711912
2 929290 5 986383
2 828145 4 978835
8 783395 10 974835
4 66074 10 601629
4 438255 7 710719
1 423587 10 543875
3 163684 6 699874
3 262799 9 304357
4 35160 10 354959
8 816363 9 872772
4 851807 10 950886
8 110522 9 289393
5 997993 6 998722
8 603322 10 712578
1 583192 5 900565
0 198911 7 529307
8 330440 9 928875
5 280859 8 465512
8 728558 9 850269
2 791760 6 806104
0 392318 10 870536
1 683725 6 787117
0 397025 2 497294
2 506342 4 615208
3 706409 8 932367
0 633986 4 692327
2 268708 8 512105
7 955567 10 990610
2 826804 10 980492
0 633981 1 656065
6 155977 10 256359
3 892706 8 930777
0 18096 1 99473
5 435531 9 911041
7 923454 9 942344
2 388403 6 481539
4 588150 8 892717
8 697329 10 979443
3 263767 8 701971
8 135548 10 762954
6 925394 8 984874
1000000 10
50
5 423054 10 872731
1 367474 9 904313
6 649533 7 939388
8 866860 10 909913
7 911449 10 971061
2 369523 9 369562
3 560450 8 856219
6 286716 9 841208
0 399221 2 580242
2 942183 9 962010
7 860309 9 947112
5 344288 7 646512
4 815224 9 958178
0 801074 7 877808
0 816420 1 981828
7 51007 8 148175
5 502452 9 532749
1 148378 9 913230
6 567692 7 978798
8 982246 10 982259
8 118615 10 454067
8 244569 10 441426
4 757405 7 780379
1 566311 9 582590
1 104736 8 353914
1 357638 3 808217
0 424853 7 445318
5 401687 7 734157
0 62688 4 654806
2 169312 6 706210
8 151230 10 321791
7 586107 9 711622
5 512080 10 631086
8 363844 9 400405
7 555293 10 766975
3 955464 10 988853
5 118916 6 819859
3 781580 10 942281
6 916339 8 928507
2 758192 4 998280
4 573609 8 998526
8 979285 10 998559
7 359096 9 517129
7 638608 8 964938
3 35742 10 650785
6 502105 7 632012
7 748022 8 904262
7 300650 8 608957
7 548845 9 651651
4 675125 6 761850
1000000 10
50
0 102316 9 609173
2 982989 4 986477
1 330595 10 580354
0 331268 4 645568
2 946806 6 964801
7 382763 9 917574
0 831030 7 834033
5 152364 10 850454
8 100233 10 316804
7 294265 10 983601
3 795455 4 948187
6 937863 7 969555
5 97810 7 683360
7 769154 10 778992
6 53733 9 662371
3 167435 7 395290
7 700527 8 746521
7 966574 10 993072
6 994232 9 997303
5 37129 7 110163
0 342103 10 914374
7 866133 8 923007
8 65121 10 581779
0 913282 3 941384
2 557986 9 629792
8 400448 9 708129
5 400879 7 540065
6 527714 9 763165
2 271305 10 638166
2 532319 4 544983
6 949278 7 970575
6 781192 9 922650
1 374062 6 786054
3 686379 4 691015
2 303291 9 730863
3 810301 9 882084
5 75277 9 509130
0 371286 8 432686
6 688682 7 941854
6 767209 7 991739
2 548255 8 784967
4 739631 10 964416
8 277989 10 853644
7 659969 10 853687
5 774879 9 877793
8 36691 10 752942
1 756286 9 982329
0 516123 1 748588
1 274295 10 397618
6 30192 7 447351
0 0
