100 99999
50
87330 44 92794 74
50238 53 73658 86
64553 34 83759 70
10110 31 70086 68
16813 55 21982 92
31802 94 51338 100
96571 61 98773 91
61748 97 73702 98
88726 75 96070 84
31358 36 60890 91
20126 48 21910 90
99034 90 99926 96
11834 2 24546 41
89861 53 91372 59
20018 66 97113 77
64421 12 73909 80
25959 5 65076 88
20985 13 99988 20
19323 67 30866 99
4949 10 25034 15
13417 31 87909 37
29874 25 97324 83
75052 98 85142 99
53396 93 86560 97
39660 10 48795 67
40876 29 79738 97
49339 65 72533 83
46104 92 95070 94
88474 69 91510 98
48967 13 68025 81
39700 69 60193 76
28487 10 50572 56
90788 70 92831 92
61526 78 64409 91
83562 47 93041 64
88117 90 88646 96
27154 60 31804 94
52657 53 97603 66
93764 30 94397 51
98341 89 98668 90
45871 80 94116 96
76903 67 83899 89
31982 19 97987 83
67151 83 91754 94
1625 63 38018 85
44286 88 53049 89
32146 46 58796 55
51475 13 58887 55
71287 82 76368 86
5790 28 59974 61
100 99999
50
3804 94 72884 97
66715 95 76944 99
53148 79 75760 100
37440 35 52941 79
37826 65 99214 98
35944 89 52123 97
98325 3 98973 77
19361 11 29498 98
4236 22 18553 77
44678 82 63793 86
22181 48 52597 99
92960 66 93768 68
79806 54 95882 92
98044 58 98994 99
4550 19 64465 67
40476 59 90056 60
77191 40 81678 58
71004 78 83958 81
31725 96 90422 99
64964 87 91976 89
55592 73 77861 77
77052 89 83341 100
15034 55 80681 90
42836 91 85885 95
10509 97 18291 100
87543 7 96193 80
49095 71 89392 95
73813 89 83826 100
79984 30 89383 46
49842 69 75655 89
13843 19 41363 28
48103 29 71813 64
86254 58 96857 62
34865 84 78533 87
80486 98 93777 99
84729 41 97634 68
12749 83 33141 96
5975 34 97993 76
91971 95 93051 97
64055 68 77702 84
4245 50 6174 75
54685 33 76204 63
6859 22 35608 97
35797 43 78556 88
59091 71 80183 82
31762 32 57093 51
1969 4 55588 86
25781 73 28691 94
62830 76 91962 86
76890 84 94079 91
100 99999
50
72030 96 80852 97
89880 58 98014 60
58814 3 68662 33
99850 13 99941 51
74033 81 91251 84
37304 19 58837 62
9875 74 65984 82
45264 70 59560 72
91538 14 98499 17
91915 40 94831 51
30526 93 65386 100
99063 19 99458 67
65682 10 85970 16
65090 81 90265 96
68448 41 91599 50
38305 38 66307 63
58970 87 74798 88
92904 5 98512 6
18161 11 31523 74
19333 34 37679 90
50652 62 80341 91
73212 88 79261 98
98906 65 99820 84
84534 77 84958 85
30752 86 71687 100
4276 0 25097 5
27372 45 70657 75
63835 10 78536 96
67299 79 70056 99
18530 41 21381 73
51997 44 97390 70
79981 95 82188 100
79893 7 88973 83
80491 6 93788 45
23596 15 98655 71
19751 52 80537 54
67167 46 87168 98
95967 23 96943 43
76312 86 96451 100
56205 45 72466 83
59617 42 96593 48
55518 41 77089 88
40046 68 78926 73
9284 16 87302 68
85118 76 99265 91
28144 37 86677 100
92600 80 98427 90
61433 21 84129 67
4425 42 9152 65
67261 82 81086 85
100 99999
50
85267 3 85876 4
24415 33 51384 50
18872 79 63929 99
76745 51 77654 73
98290 14 99432 22
89963 11 96105 44
16317 68 80357 76
10956 56 21953 61
42022 72 70707 88
90065 76 92239 90
84967 3 95758 28
31018 51 31720 92
41594 22 90870 52
30786 93 95725 99
29417 35 51818 74
370 83 40633 85
15483 20 50345 88
25525 87 64484 95
20644 78 49202 82
80803 91 91746 96
11555 21 96119 22
74288 19 97381 94
28632 16 45805 20
17269 47 87496 56
10968 31 46303 63
42658 2 61294 44
38832 9 57871 57
49356 81 51383 93
81840 7 84617 98
60121 82 85867 83
23796 75 26774 82
89074 79 97421 81
10729 0 69832 56
19172 26 54456 40
61617 38 62873 70
70339 34 85603 35
15442 30 69777 56
88430 94 93999 97
20750 78 76034 90
27334 87 54224 90
16554 65 19048 73
8420 96 65365 98
70061 83 90380 99
56665 47 67784 89
62186 52 86998 72
46937 75 84417 82
17819 16 42422 50
43183 31 67257 70
7412 83 42909 98
77158 53 91615 96
100 99999
50
97930 7 98688 99
76665 26 93263 83
36859 21 73360 91
78902 14 80968 82
83999 65 94433 95
5902 80 88633 90
62774 89 98600 98
74870 55 96710 56
83653 27 99142 46
54693 29 83247 62
96818 22 98765 68
1573 32 77488 70
50249 2 78106 60
55923 86 65550 96
70471 61 99499 98
95594 94 96630 100
82424 60 97014 99
48775 1 98704 48
60624 97 85300 98
81808 33 85604 64
15204 77 36456 97
74392 95 75890 97
87482 55 89706 60
10128 47 55945 93
31368 50 61272 64
30169 85 91771 99
84431 31 92306 77
59956 42 62419 62
90907 18 94450 60
69771 96 95424 100
17527 19 18334 32
69370 77 80923 89
49053 60 79977 66
21267 47 76088 95
11206 31 31071 69
28477 44 99267 81
93010 17 93662 82
40138 60 70540 65
94653 13 97408 79
91785 8 92748 41
48073 45 52352 54
20959 34 25109 49
45415 85 70209 97
95504 51 98589 80
87008 60 99825 79
34908 19 94476 47
41312 51 66341 71
4444 14 61474 95
60017 22 90715 88
83730 32 96617 97
100 99999
50
10483 8 20707 83
93710 11 97938 14
14090 85 48355 90
25428 65 33124 76
81670 60 83731 61
95746 70 99521 75
11274 55 54558 58
71817 79 94699 95
2632 71 82450 92
82566 73 97392 82
51233 45 64529 48
54940 69 98714 79
92289 61 94043 64
88781 69 93603 95
6833 49 36609 89
28648 28 83866 96
35592 31 52133 72
57859 67 97026 75
26874 12 36734 46
5880 56 91567 89
18612 0 21663 78
92773 53 96038 85
9244 83 73724 93
98318 44 99490 80
4248 11 69487 21
38164 87 85001 94
14803 81 30887 87
1497 45 62621 99
64438 5 71127 91
61475 93 86392 97
16025 72 47112 77
60908 18 65625 29
620 0 23292 86
53208 93 64678 96
64428 70 97579 85
49385 57 79353 93
12636 86 25117 94
76077 98 78441 100
29771 22 71514 65
12515 95 44385 100
78086 16 84872 81
55267 40 75329 89
15148 16 82311 85
96345 30 98870 84
94142 7 98709 77
46079 12 67220 30
478 54 97027 66
11389 71 98261 74
69810 17 94776 35
94172 71 99014 74
100 99999
50
29796 70 90642 83
73191 33 97984 77
37558 35 69801 72
61660 89 82228 91
17318 86 72844 89
2765 65 84265 68
41443 78 97329 82
72118 47 76453 51
64385 49 69721 79
81150 47 87878 97
52314 24 69783 95
60503 29 62817 45
57727 16 93349 30
15946 41 37822 63
42681 26 76167 56
13159 3 36448 51
2523 26 54367 98
46184 71 82561 77
47486 89 87466 100
3521 17 18062 31
33850 57 41437 70
85271 34 95522 56
26798 6 33786 66
82128 37 95981 63
57153 97 85724 99
159 14 64421 51
77909 79 88449 97
76923 53 90472 58
97883 39 97947 71
60193 6 81874 83
40984 71 84091 78
23873 93 84287 98
68676 28 75983 66
76898 8 82443 75
97475 4 98237 52
93343 25 99322 100
75780 0 98980 78
25423 74 35581 87
53232 11 98516 43
39362 37 49034 50
56815 66 80539 67
84081 49 96343 70
39201 14 52781 40
80480 70 96157 72
40866 51 86477 89
66516 16 69247 86
2719 31 19456 41
59557 48 66287 49
69254 81 85656 89
48843 13 56172 89
100 99999
50
85061 56 92623 72
73992 69 87847 95
96819 29 97363 91
70529 36 87783 76
39540 22 75123 40
34400 93 46519 97
29256 24 54465 43
58312 25 82544 90
47337 82 76665 99
23039 42 78204 95
61047 54 68905 82
97470 67 98367 92
73993 95 85693 98
41442 35 49815 59
4386 18 68237 60
23718 18 63318 72
75476 53 82241 64
66762 81 98928 84
23076 32 29307 80
70834 38 89708 62
2927 43 10381 59
90825 40 91396 100
33224 97 79660 99
64440 36 97145 73
10201 77 74073 89
70806 91 94934 100
21727 11 53986 25
72405 20 83494 84
17610 31 17626 97
81680 53 93817 68
4584 45 51321 60
68396 53 82173 83
57243 22 86064 48
84772 55 85122 72
71323 97 82088 99
42819 87 98040 100
728 3 15492 92
59026 30 99117 48
24827 27 80532 40
31839 72 64009 90
56918 78 64655 91
83017 83 95564 95
41463 41 78385 49
92624 65 99678 70
8046 53 64344 60
35600 97 70357 100
1365 60 63533 97
72360 28 90562 61
97362 85 98594 89
91563 1 99610 32
100 99999
50
56986 29 74189 32
84901 62 90760 67
53886 11 62714 82
54021 62 75732 94
95589 57 97013 74
96738 95 99452 96
65018 50 93718 61
46601 88 81573 95
2825 11 79524 80
10206 74 61874 90
33964 63 82458 86
60377 38 82526 69
53155 63 98009 72
94093 56 96675 75
61435 6 84055 71
95219 52 96284 79
80125 4 98417 27
42090 25 48507 46
26697 78 67215 88
62385 43 78950 81
1058 95 91736 96
96200 21 97525 52
4134 52 18837 95
95139 90 99671 100
58465 30 68318 36
32995 88 42937 98
49177 12 96426 44
24842 27 97181 86
12354 45 43336 92
91603 66 96985 82
7247 0 49165 97
27624 35 48832 79
77673 95 95628 97
38755 67 67190 89
99488 73 99789 93
63617 7 94748 58
32320 90 97253 93
20100 83 25434 90
69630 36 98909 85
52916 53 62187 100
71403 51 91490 91
13307 76 17978 94
40626 95 69341 99
28350 26 79655 40
33350 56 94582 82
89485 17 93541 36
27967 57 84407 99
45432 44 85568 79
82071 91 99109 98
48129 68 71807 79
100 99999
50
80104 51 83859 94
29431 63 80444 100
58509 89 61630 93
5240 90 43756 100
53442 1 80948 69
34469 71 52219 79
48842 97 66378 98
42260 32 96507 60
82165 54 85741 70
68231 79 74451 85
67141 41 92035 56
12479 57 73642 83
89741 41 91230 87
91070 49 98686 98
62082 82 98445 95
56458 9 69144 13
98095 24 98838 80
71049 50 98281 56
47876 24 76140 61
72213 11 73484 69
99043 83 99878 91
53449 42 77808 53
28645 49 37288 81
87939 27 96579 48
50052 23 74999 97
33714 18 35923 38
99051 56 99149 93
73280 9 99792 24
36611 88 84273 92
8443 16 38542 95
62540 61 89231 93
83821 92 91179 95
14198 25 26065 72
42745 0 81669 94
6981 22 18623 80
48109 24 76469 59
87666 32 96952 74
92460 96 93235 98
44985 22 99761 82
29166 76 83182 99
27334 37 80335 91
47856 56 68770 74
99608 22 99983 82
35341 26 65816 63
36110 9 37170 30
35980 87 66153 91
29858 36 98724 44
94445 72 97253 73
51672 76 64842 82
12317 45 65373 94
0 0
