1000000 1000000
50
118236 233617 617706 727247
141867 361800 382079 558919
381638 947307 690204 977267
264125 472428 666155 609622
811378 815616 838912 883538
750342 287833 946104 712380
494971 186211 586823 376002
188399 435840 922243 659354
738591 526583 961757 989335
886682 830907 927235 833092
31605 568418 736392 777925
609160 961574 956000 968077
23236 531103 260832 752255
204781 53662 312753 394660
587487 772603 593908 954926
774864 30288 797537 608099
406945 44509 562463 73189
247838 192880 330347 757231
215182 339118 914504 375254
277417 962278 480779 977308
352406 894171 986195 941019
181041 763746 856569 830162
61345 462760 500795 906446
5510 810289 769967 855548
950485 35107 962999 564325
933845 773853 995900 800975
358861 908875 853861 976089
296256 409294 894985 934550
96711 656938 894700 966009
29600 484904 981276 656138
683191 821236 977511 990626
149941 754089 700935 917520
719076 559569 819804 887824
584644 91270 834922 805822
600470 381521 661804 885330
867579 313098 963370 688109
576594 426570 686560 482580
876261 253916 936254 361816
78802 748654 780546 981039
412896 589097 894510 724884
26389 952108 168541 952487
877617 623867 958838 694435
17029 377976 721382 735910
978795 681329 988762 925922
160987 460596 984115 529961
966736 534707 985049 680448
24614 619771 51882 630930
271216 98845 692178 173565
402908 558522 429138 634845
17040 559046 469069 779862
1000000 1000000
50
511202 793907 958583 880398
423549 553449 485679 656565
742008 897144 985916 958359
380034 601632 600335 957260
694610 43270 786403 886240
800759 377429 824894 961544
670238 471663 979452 654082
702338 724330 707562 821653
191570 662173 337744 752058
851322 235566 944348 574286
758182 633824 936236 867092
955125 260246 968613 499835
154277 312120 829288 678185
257958 756832 352480 899505
733108 669684 769934 956633
216378 861805 317677 954314
956570 531605 995519 577566
649372 500691 835287 979075
283557 286147 482688 486789
313420 190849 636149 957685
901922 858397 980484 896798
461638 367251 586315 492926
939077 222373 965258 850623
553541 54498 621538 637930
191202 604026 573190 859953
662182 580995 798487 899365
869600 993404 911460 998168
763861 465091 990474 774933
833933 120387 939313 582009
683270 518337 837186 599520
178065 972932 743186 989340
338437 615422 704206 733268
878593 506688 926488 720388
115137 818738 696922 950315
353213 983065 555628 993476
883824 853448 926853 924557
356252 757129 408987 897674
986328 526321 998585 977930
470731 14665 647844 182297
700203 858476 992997 971229
247456 315024 468085 318100
500676 72080 632600 958193
89642 421110 521395 591486
261218 406036 514172 542171
454385 976272 762824 981425
944258 139730 983049 546434
882585 80206 901256 989337
507634 163909 703463 489517
365891 743339 646709 799182
424505 806950 978608 888900
1000000 1000000
50
718814 942838 883635 962229
534155 802147 758021 981025
322906 345745 436397 864832
400510 410915 677557 562276
103253 519098 718843 636599
96803 889761 235331 926158
61844 449693 336614 851621
284693 154869 832622 244311
783835 714931 949824 788071
145947 632765 339439 891942
792554 773331 973811 910974
92279 685512 944748 894781
716023 862165 958723 933925
508043 461093 943780 523148
965115 796511 978595 855403
558730 330616 624584 430632
845237 455435 913777 696370
92685 454903 918988 967889
871967 448281 874410 591251
14349 611484 22674 953927
995829 817247 998049 846695
617237 914397 935112 920539
813580 498638 972713 506740
591219 731292 777170 826406
846425 58176 946095 576383
774803 447502 854480 992298
660797 764632 806432 878714
539501 158514 829068 241957
409526 76872 929982 599365
689299 953705 899237 996419
795252 389786 926771 433560
584290 304200 619035 699576
541045 300726 594590 330715
738324 259341 838720 983789
964019 661948 983799 961061
68777 10777 490487 931403
997045 220505 997134 781313
312562 208413 969312 580116
928100 652012 946353 878728
504385 557650 693698 707405
317872 614174 561657 773007
419599 199227 681300 332720
656604 373840 888834 899939
785065 415394 942891 660687
508270 787465 589965 938752
447877 966220 476952 983176
793027 826429 989610 887439
953919 388850 987728 960096
580079 693591 628862 880241
673457 952935 857350 976166
1000000 1000000
50
288348 291361 652041 573958
918003 799304 929130 841475
203356 570046 248265 927383
745762 353036 749628 500017
434381 575396 910893 964344
467108 753041 639487 921654
5938 434632 32274 965327
337581 609163 477853 667825
775957 76145 796510 694094
158059 665080 437784 841548
738401 588201 995486 639711
982802 499460 992593 645308
136292 686290 620505 959129
602074 590420 870038 975823
545853 939094 883427 970174
129156 73197 249966 169363
154117 244989 424474 513536
592945 612424 927026 807607
232601 489225 632282 998560
482061 453110 810412 772025
803544 471692 966263 552023
758364 166480 966372 387954
531966 824103 668490 943212
177716 464921 277346 560932
609078 184774 988315 695780
756764 78996 818540 907667
946414 468221 965146 550500
336122 116806 986937 219124
432596 659803 757717 914977
94487 306268 937876 382601
836016 646180 922568 693068
206372 160909 819091 332329
904484 287019 926138 998891
179499 999963 872979 999988
309191 124740 751667 648204
461757 434344 974222 920102
926801 134204 971506 252497
91136 92978 426290 965129
904286 449368 915919 503971
150606 593829 176906 846665
537622 198406 683360 922027
603037 340230 988550 514843
238370 510400 898287 688948
291648 222139 471292 686435
879721 155762 989497 269828
280589 386137 460976 408878
273638 210710 493165 772849
771145 329015 794657 529752
112512 540894 603263 904106
125488 357519 990560 631328
1000000 1000000
50
881825 369160 943487 919834
632508 514625 804708 618428
137724 649068 904693 905024
856034 93212 910301 535385
753679 690210 803396 704289
866659 104091 909767 672173
305695 694290 501990 995496
22017 734074 121105 905609
857977 453303 935550 455054
434329 278468 909711 572470
5051 186303 516688 776534
979863 867285 994430 973094
266504 963747 350373 998746
367712 297585 917921 919315
152807 901610 704445 930082
986991 327411 996151 847485
703429 335303 771417 903813
104990 392691 544099 534088
551569 123016 984940 932115
818271 497362 948487 768996
234382 592758 515438 952056
793258 327624 953169 843495
701475 427858 852780 451288
964050 770939 984118 965170
356350 17747 682845 746488
657519 197871 819430 646835
121879 931775 162396 952951
999947 269888 999995 495312
301768 164988 618460 640676
457684 865842 872807 899131
701505 846330 723199 978447
228481 730455 779490 938377
918525 281415 932443 620907
690652 400657 831702 702351
290226 969622 942007 999748
348632 107849 369246 272303
388588 447677 902515 496045
752210 949913 993933 985195
817056 930940 819141 979144
475059 719315 637067 860065
309049 69587 405581 631103
365473 697914 500885 783352
274621 861405 779527 888960
790772 194042 851195 264069
330836 825301 732597 867210
243937 331601 910444 726871
343066 801041 488746 802491
37030 73786 149449 287307
578450 397111 811362 513498
632884 266461 883516 331583
1000000 1000000
50
909581 760941 945725 817500
67746 783904 816217 811555
969581 942434 973250 987424
735483 123593 828537 813537
576076 284232 857856 347371
970211 717485 999138 980356
610764 695087 922872 950718
437978 372736 786724 949855
935798 331926 962493 928800
41436 400839 480722 869252
790339 648467 890054 893562
962169 106201 978537 446915
911545 368848 969221 862269
474002 428481 516848 579414
116452 247796 636548 468860
742270 23007 892016 993547
133887 25210 900486 588319
857387 617324 867128 932214
169928 768771 959852 798319
966799 934559 987351 944261
921546 7810 930280 371894
589012 256632 692975 803741
564646 318029 663123 895190
153666 444493 357256 810805
495095 989764 583331 995720
42387 301154 524835 700462
851892 659694 908905 976283
826682 660290 880499 968790
759535 492921 939187 678710
204877 810003 569519 975832
567820 139505 645816 272252
804893 958584 915593 999242
346163 293511 673000 728148
81775 664490 656414 895984
958960 135992 986613 892243
485159 98238 708084 952210
34109 664500 785795 756503
867686 337570 905970 601600
875764 117052 996379 137723
237960 901605 299148 944401
508509 608191 801774 976547
38018 128389 802247 161662
55790 904999 147510 919664
134794 849671 824018 899395
351034 800596 869515 801534
365043 267683 721067 728633
93660 280706 561769 871597
471479 817507 670138 928452
452514 971434 515518 993330
541632 24945 599723 762888
1000000 1000000
50
415366 688898 600793 693455
234291 698629 578119 914288
503696 25737 950959 768652
774352 560373 898308 717263
82493 475213 594743 939662
287292 879680 901917 880846
284926 941686 766547 950616
546132 323613 910935 895169
813544 697399 974551 785333
413962 629617 794600 665358
778583 851556 994338 912333
816411 166076 916470 586260
828388 58629 937528 132205
200170 622926 272098 652244
114692 603346 277647 763082
307965 429466 582542 607117
315151 70173 841277 855395
500758 963598 547337 968285
611782 300031 618881 395254
956148 389236 972098 761797
697517 634112 842584 989901
952909 914601 953396 972483
148003 85685 299732 476899
809641 904942 948564 910429
492973 690760 534805 927130
69788 219804 447989 910047
149376 601159 544160 875259
197539 59846 783856 532186
302206 677211 911995 873802
577863 330724 647113 639641
833478 276268 842086 995636
260547 559946 302850 681252
478215 445972 829985 587746
155785 504645 857403 645739
259018 392179 693034 885992
733569 936861 950522 993323
773862 405633 993455 843162
593032 746497 832905 950263
414220 360247 551085 611012
135243 736260 922542 997245
838507 316584 994620 568532
783506 610212 821371 721661
784082 411336 795216 415936
747575 408508 756550 805697
88757 550578 220757 764850
454328 252879 684066 938058
892112 382852 993284 892822
39126 382135 790449 899653
424509 861636 959776 939980
799182 199966 889071 869178
1000000 1000000
50
839028 247926 908858 462677
341933 76818 665852 410393
55356 680859 602637 840774
923340 493016 964243 514061
844092 793750 881225 862000
664678 978227 698943 991259
802187 274844 835632 379974
789013 692660 891855 826957
399520 76797 782072 972333
214359 797237 246170 896973
248485 997856 861005 998603
693987 477222 818905 536004
570436 610872 797283 630681
968943 161741 978327 721236
272395 709590 817999 787374
239857 871296 650480 938687
346533 180839 824339 499972
47620 595594 358948 643939
825281 273792 902311 506500
917538 757733 933697 797217
61300 572632 370918 910901
567440 202372 906845 982956
334544 458278 613826 938876
48077 149776 936866 457855
164004 379235 572344 589987
747356 831302 774497 899139
162848 751905 969339 955918
670709 890686 921575 901719
968790 124460 969127 247007
80673 799729 438190 984196
162170 194574 273904 655667
882035 938963 945241 948782
318470 842167 858703 847670
858856 605389 869969 939156
566087 575837 716257 993248
301288 618866 466444 962070
243580 177632 677627 501140
412950 705779 864602 952881
621427 964881 739772 981629
646455 141313 885338 740752
161218 93067 413139 177144
191173 597950 507510 736539
838285 893866 852778 935597
400043 558582 742713 998384
809198 312070 953637 539494
595668 174082 763783 271671
476539 173072 897761 640956
462425 396819 716802 671089
433264 243711 565063 450813
136043 275665 415593 276956
1000000 1000000
50
239579 734295 651323 997320
716974 584482 809869 782967
91333 566261 890800 798109
79236 18173 627297 369822
352595 240544 660374 634475
594647 928641 903693 990936
719851 767360 905770 872018
950892 634090 992379 715689
577730 601867 726086 716662
865804 388098 923098 843643
795335 652256 829652 959968
304571 13688 693589 430124
209919 699988 313617 884119
579689 274594 713189 804664
434302 661148 986554 724291
127086 432279 159247 547324
416623 542600 746036 602530
521913 367726 699305 490880
762732 67228 935562 70252
35538 420258 74262 844441
896693 277569 996756 704185
172309 928207 233669 985456
168223 374840 190547 499866
729014 260923 857496 703273
229849 397666 539713 782159
787364 910982 898430 991748
31292 165107 999445 774741
958600 592790 962209 727124
551409 813542 785437 862443
39783 13836 878749 207592
967493 828569 974140 983709
747381 155700 916470 676375
476603 937292 846516 950799
933598 9247 972534 692238
752490 6237 815934 841269
984300 416966 993005 709871
973517 367746 996332 486194
293187 316291 306787 843116
730678 199672 790304 290456
864056 590572 898496 655025
969910 987083 977886 988233
185181 955781 577327 986476
46538 27863 910731 752516
943863 962395 949967 982520
147247 442415 214890 761788
494092 860280 761389 861191
627916 774565 908398 919165
485096 648413 718737 971510
735408 737880 855164 858745
1737 99907 164151 698384
1000000 1000000
50
363660 61197 470892 351886
382989 389566 814398 576395
920232 567071 968318 989918
706350 887197 719012 931665
442128 1962 944065 590673
285335 814157 958389 990795
901840 351509 983061 577132
293990 924504 312856 996513
351073 652244 483507 736604
280308 97918 759555 731345
501235 923230 979560 968929
618640 208826 786565 307234
682428 768360 954718 778614
320760 559208 899629 707453
681952 160352 970749 874576
964099 451251 989192 462963
979663 189573 993730 644892
483773 165853 613957 647048
10180 237874 851076 398418
403186 431130 605893 481368
886504 635676 974847 671870
434441 987996 950226 994129
614223 322662 719638 370094
691310 495699 943754 693531
881166 896510 986314 971080
367350 562338 420591 900268
265773 626636 869771 664042
992345 832587 997476 869583
366409 95380 578885 222395
966681 389584 968141 913020
293380 316335 952574 809786
489922 956750 573768 956790
986621 296126 991484 679959
351468 511806 621883 837705
8187 174836 284272 414095
936058 29435 936446 652070
100976 420646 861536 951476
731449 268877 889131 409000
305965 305472 590743 553894
872601 226097 879900 236996
562401 999930 698294 999980
728464 336350 905217 844218
765458 953914 970738 997641
373537 708010 873531 719856
75804 895295 970979 928249
96256 372924 894983 457211
542505 263577 842482 500164
649268 554428 927781 611703
717184 354139 860840 988413
546013 812184 875438 836055
0 0
