100 2
15 15 
15 15 
15 15 
15 15 
15 15 
15 15 
15 15 
15 15 
15 15 
15 15 
15 15 
15 15 
15 15 
15 15 
15 15 
15 15 
15 15 
15 15 
15 15 
15 15 
15 15 
15 15 
15 15 
15 15 
15 15 
15 15 
15 15 
15 15 
15 15 
15 15 
15 15 
15 15 
15 15 
15 15 
15 15 
15 15 
15 15 
15 15 
15 15 
15 15 
15 15 
15 15 
15 15 
15 15 
15 15 
15 15 
15 15 
15 15 
15 15 
15 15 
15 15 
15 15 
15 15 
15 15 
15 15 
15 15 
15 15 
15 15 
15 15 
15 15 
15 15 
15 15 
15 15 
15 15 
15 15 
15 15 
15 15 
15 15 
15 15 
15 15 
15 15 
15 15 
15 15 
15 15 
15 15 
15 15 
15 15 
15 15 
15 15 
15 15 
15 15 
15 15 
15 15 
15 15 
15 15 
15 15 
15 15 
15 15 
15 15 
15 15 
15 15 
15 15 
15 15 
15 15 
15 15 
15 15 
15 15 
15 15 
15 15 
15 15 
