200
847825 6690390209
705060184 3957788944
2631751 5145634862
309 9344689150
8 9473269769
73339 3142969309
2 1109810606
6762059 2829110471
26 2830617690
523736811 7580617354
48886704 8943923779
32826 5683671455
15981 7600866980
230191600 5206009807
53 3916137036
5189 6050745577
5166767 9543486981
6402 4660787174
864521 8244765832
79 2943358414
7891994466 8172208718
79 2172001156
2 4878456202
9 2007538847
5786 4577598670
1422581209 1892064734
2886769 1141873867
823 6548823522
5627333 3330888163
1247494 7292208132
50593726 7996783292
9669 9534197682
505181 3090984010
81 8232891328
384569 2096708113
6 7415533155
5 7667103689
7407 8709929916
40393067 6190712778
27286 1502767551
7567458698 7695088029
8261228859 8447601184
1197 8678328116
6696304225 6698510923
894618 3370705852
7244401 2660925970
8 2263534812
7868177 5192454566
4003622 8932371056
4784147798 8684305406
986 9124269194
3045598274 5903078891
91059 1884993886
64946526 3820418779
9380058 7834367785
2823603123 6751794979
426685132 6860975354
6613 1154833761
636418 7037947828
297 9512251360
8003968836 9293499833
546038 8891609208
4 1684885889
98199 9036320061
893909 8695237136
1031437092 9765122059
9339 6837145009
624072 6302509464
3 7756105407
50 8569004186
9831 7574735537
91814 9028669092
19 6166227292
916886 7527170872
178709453 6026013181
18 9007532504
698 6370984678
30 6972510678
456 7297173866
8322 2890178953
746213643 2037230130
626191 1957299080
7630092 3624638712
3 6033536734
437304 4835587276
7981 9965725161
38 4375658851
17275526 7792856543
917405 3948149164
36348 9385921899
5 7043219981
400470 8878709280
16617 3577971269
3698432499 9725503431
27107 3816827029
7732 7342604784
82004 5892060589
45 8395754182
81 6805380416
14339626 5591530844
8047793 9289617862
334 2280823723
58 5885291379
712307 9625167409
64780 4230004253
564 9674970914
965596478 4224365108
6 7452209520
90 6257278726
531924056 2142285124
461945 1755547834
2285322 1191197574
313975 9438194261
5203736929 6912677190
542470 6175537274
763774264 4911520098
34 8187996599
4046694857 8212149836
664449 5753069298
4 5784895932
2 6995516536
9946807 7486795096
118000 8031431247
8628612 2138191818
3033 1561132336
847646 2231847011
9826 8149885116
43444 1918573880
4669 2813721638
2754715 5613178896
394 2816572184
28652 9954342523
94881 6556319082
70894 8063677500
934 5012513749
9482470 5647103431
157884106 1054014775
37376 5407095647
719381 2557897311
6 6506172273
101 4170495804
47421242 3749587999
591050300 1444558911
46 5309823362
39 3504005382
52 9572282630
75669273 5634719744
4285 9763520997
75315 2430885522
134303700 1303431942
7077743154 9813219721
1 3395874632
1 8024372069
4976179375 6257448890
4108 1112762338
478812 2925222024
776436920 5899671829
59851 3577420859
57 6991035051
67 4586990030
571 8059264191
717 4474847316
918 9108168143
84 6277706552
31951 8156979656
36 5531451999
1 4983701036
96605 7898190070
374 8544420101
793851 4424341976
391536852 7168094002
56957 6719162399
83 2365009664
44448157 1952188887
31854904 3709679777
74586 3635531409
681011643 6976669609
9836348333 9880551706
578036 3846804507
677200957 5759258604
171661776 7761602466
99323949 1162174126
323997570 6959165567
708242456 6753774812
1 6623553383
63 3861074338
77817983 3557798253
86450437 7190295920
27504356 9724260981
43 9924627421
701 8370126370
258438418 6525917977
10137 7192882071
2357858 7351533453
809 7154193360
72829685 8679949605
9513223 4778251155
37 6466433449
408 4389420237
5431120330 6699827084