200
8524 7194769983
341835103 9039470968
114 4418804974
2 3350216153
45472 6455671910
5113 7609877874
173 6777146321
4889021 6602939278
65450 9447083793
70136634 5398952394
77610439 3662511603
9 9650309785
5037164898 6374628186
520438 3022843259
873598 4926596928
30 9967141760
38 5292466303
8349212 7701353248
40937206 3739306019
347922 5126961034
36 2366966209
835 9433573685
1317314 4653121036
51708 4464768793
37 6394161303
10 2093901752
9756 3102569049
75656 7090571899
9805052 9378274845
90146 4171815619
6349 3159328259
180766 1269033996
68 2808039665
914264233 9764082732
67759 4959599245
106105 6388900683
97419636 1695835733
8906 5096168802
443 2037290030
827253624 5473743015
2668 10000000000
474173 2747147435
93307 9159099645
856366 8036624444
909862 3173072585
9673236 3565346694
3460178668 6184471792
5 8574570482
3252304792 9021521605
500553654 1548967305
301008988 2792425858
4494804 1725293335
9999999999 10000000000
26 8365479865
1780028352 8179535839
92201 6191584227
8209 2298826717
47572484 5279557170
37533784 7049437047
1981048300 4950493886
342292120 7245904035
68286 8114157191
648944 2272144468
539 2939330254
7 3159884941
788 7260750746
6654444 7116797062
65243430 8691571487
42153927 7806267515
843 3840526606
6028 3853889056
40441 1265363846
20939353 6194562502
2119 1558231251
2991515 8620497741
739 1665439556
48009287 8196995249
8 5878485938
44975 5341482343
625 2529249853
3362804500 6085063701
961326 4385145999
442434020 2799070978
747580 9091747986
39 3416999672
58205 1663771187
1763576 7986638956
726 5299583817
792981 1333409482
931 6533875012
75332932 4223935042
117 1149213636
20948407 9955682987
615 3268404001
65724 8199126442
2934718624 7425278667
25 4232153801
375 1161680981
9197 3310760968
523262 6058400301
66 8720012561
539 5858645726
591527821 3327665442
6710 1983973927
4583563911 6406643257
881427 4646428630
45641394 5750103106
81951 7091645194
353809079 4736768220
15039968 2208330483
79 2193149603
70344 3963091123
95782 3672703217
69 1488671653
158686086 1676326655
41 1044173825
871 7659225855
2657890372 7257948335
7950653 7900882733
166996541 2503648692
3 7288617332
11231 1698473334
3256225254 9794076240
3107 9859211684
4111 6849434559
36 5266207297
73 9469546364
96274 5259663987
1046135 4625672526
271 7945278389
18524871 8443657509
299873779 9915755010
380 4714240325
1098 1644928326
68587 1927720623
179 7847572914
2 5467147563
934384835 6294391553
50167 2208110539
8157594 8040607278
70 5596301045
481480055 7665321062
8986976 9770529893
9374856 3369133509
997073 2066072226
886775 4749368300
6571946734 8606862979
6346 7939547056
472 6909354734
1246743146 7123991855
5 3844092984
67 9383021777
306626443 4450917581
4669564 7247135105
397982 4684814111
1435501959 6825859084
814744 8981937352
256776939 6392123648
61239440 5243087843
37780 3662382928
90438415 7234771457
7 1451342189
663312 2902249232
6 1280436685
5190 4553059414
4261474 8443138283
68176013 7196058294
3 8688582716
5108 6558815506
157471086 3613338939
39 8928490405
192800 4596476202
728593181 1525854336
4050 2438532547
175578 4266274726
84 5535526074
658234 8969014776
18 5342417874
9331149 7889768040
916283 7763736041
202191 1432304227
98420224 9164325346
60697216 9720369017
5 2952781817
9467877 7523073232
2 4678091673
1209563661 4827658410
6724 6725488494
78298 8898238209
9647969 3601684107
6 1634237243
7 7237535098
9715 3692898764
7128488 3747791982
66 4211080477
1288859 3247757158
234182 6528047401
7 3254122723
98 7562160779
5177526973 9058788776