200
621361114 3318820948
82050 6258722400
4445 4504987713
3165 8833800848
6 6044813006
1832 2032970050
555 7335873003
8797 1138308323
49757839 5491947336
6982945 1946716118
6674069922 7434126179
270788 3675574157
105 1582208302
742852 7598947346
395429773 1917049423
167319804 9357096199
636763743 2000438025
32891508 1490129994
26183155 4724327140
742470 3586933246
9519 9024798414
786372 5204619323
105 5406628770
4234516608 6851573194
375009 1035120675
79 9614697032
68051531 9192499276
5 7725847159
1800704021 8666854441
90504 6062785837
6889703 3001790274
35 3161232086
821985 5541231485
615322 5885256327
48740 7584461601
681 8061131541
948807019 4240506531
624624915 4970426059
8852 2974879629
78331 8210564054
880701011 4798001344
38886252 4802098884
15 4174761790
1 4034544704
331361 1167497045
3829498 4115480019
97613448 6121243908
22696130 4568975649
379327603 1689433369
7209670 7491617349
39 6569977836
796 4197592982
58352703 1490296816
5059122521 8903980158
4864859308 6517930968
455669 3503496852
10 4756026044
6674718969 9159591111
95 5816914956
8820564 6281074329
94780 3408073398
168128328 6697414823
7871097 3559432255
6007821 9767615227
480997234 2964787547
8288146 3682608620
1473524834 8025602614
3552337 9927467414
59246 2417543433
1538694748 2801582732
6032762509 9870036759
4775843595 5662191432
6 5300332637
78291777 7518240315
138675938 6819833252
8163293 1489241476
614397827 1782812077
1133 8608254499
2 8718156581
5313065 6810435611
4 9167992813
826 4691833025
878035 4086879050
807470 8908194560
41 8708881134
68 6724695549
6863356272 9211371547
813352941 5573059058
3842 5143339467
404086 4041632709
9067815 9539290229
786 8764467874
858671 5251848650
8748 4703887720
54548 6606628175
72076293 6573236922
90 2613708510
73120 1429492250
833430 2608925616
466067406 3191317847
720 6046700225
8138 4894682137
55642 1301450757
2522728485 6832534532
45359213 9741266905
3859506 1695005264
25930 8365471008
7616236016 8822275836
63 5564586870
637 8250912982
522803 8509747543
784 8281854891
90129 4415471928
208435 1729302658
888160330 4060810860
22 1323604860
24 2101094134
586452 8612322825
5171 4038227461
7416194985 8482084899
4991321804 7891398061
617102 4276436986
53646603 9855816750
916238992 3133139567
623 1920744843
23 2611920192
34031189 6084018591
32 9736934545
195006 4802972914
984519932 2303180733
2410155 4131555621
261823 5788332719
463227440 6844788774
4543 7939271754
54678792 4052415289
8271526 6380976795
3930 4789154369
357349441 9118777250
8333 5480654805
13 7972264365
2647163260 7182908825
1369018 3447703163
87145 6967796469
657223 4517422822
3495786 4662592443
85557 9446521763
160104 8243724612
354974 9192745148
636237776 2614721626
20666 9964351267
8436910993 8853808745
8557143 1552577454
4 9095464819
8 2859446997
34615 6443036220
561710 5420028378
964570127 7742852633
2306948482 3830425049
288688 1821110501
5895232064 6186640775
2858078 1555246354
1541730167 8810552698
9 9470087606
6 6798540555
3187950369 8158666656
28379557 1059103912
486 6483119749
45 4685641093
535 7687556495
23938 8680574875
858 2549641379
18 6043496783
771292 4052171997
68151376 7961571935
348769182 9184445433
2948 2203705086
26 1340828144
1048605222 2709118140
2654 7167154530
9 8923037572
8895578 2616968012
960 4360494806
17613722 9699758967
58 6006731276
8752 4395045196
986757 9314663614
46020 7915943573
68753579 5664591372
2264991996 9846347680
596997235 3911871967
6549 1792619574
4 8033651549
19 2104153388
2307120092 9716413696
3 4786369635
305918087 5418883787
260891610 9265200364
188 5909900294
401 7000825565
4467608814 6574467731