200
5679 4405484383
4401566 4713115448
8172453122 9704327494
5134505684 8638809444
1605560 1779175331
50 9469995686
3 2394087038
2 6170792319
97 5208070535
48283659 6540902412
501527896 7718994068
2812632760 6167472441
2019 8162134579
3673 8473013173
978780 4846077627
2250941 5894593522
1333958 9246307317
763969 7356411434
787869827 4177586061
666 2585811149
444 2754074213
3837 3599561469
7 9350576926
44778 5362344091
86557 7171426226
117389 8265084278
837799594 7936001810
23 7284097046
8042924434 8114624007
4100310 6036020324
68594 3056285067
244983253 9786699743
9 6738580966
93907 5719773386
3201918752 4476939150
73 5418928780
2509926356 3225851538
97 2280280952
3 3447139090
4016 5942382139
1 3528308604
26 8170740501
14977901 5358773517
826096334 2615351873
4 8711247242
6526476 2607110847
331133809 1122869355
312609 5415412284
3671 4664537022
2 4701077426
1102791 3017239802
548 1524425099
8650 3775339560
2177222 4529183991
8872807 4673003911
14998 1315819340
88800 2981086770
58 2621053780
98 1604297274
909068 3149197838
43615189 6306713653
133 1316041488
477220678 9304708693
6 6316187757
8 1209367289
1149025601 9533331087
3139619 8304485485
402613 2371319252
7 1096467694
95046 5992311934
763 9463488400
9 4258398634
2571139212 4860207689
92 6896361202
6314679 7431534312
265149 6418692978
5561944016 7508280709
74 4488443498
1589 4770606096
2 3427759802
2323 7302894368
7 1924379972
3731224573 9455407844
3 4047153076
65 1023626302
407 2572915823
1 8023120126
94503143 9639163582
6474632817 7534406852
724836 6815970685
658515397 5345986764
79392904 6358251649
24 2944895290
2 9117612224
21252 2994137959
432824213 4213421459
7 6967666625
931009882 6215649159
991 8654288183
145651 1461737406
2222 2752705774
5 1108445191
210 1624524300
2 8478926192
8 5438343761
759 1564976637
3924545838 4595551529
141446 2790332343
98642 9824853284
707 6407680949
6679 7334295541
2063339 9932626561
16 9842099855
5 7327885507
2088475221 6953940563
838793 1147020742
90780 5625494920
2 4078905572
78864977 5697817284
354832 4656037536
516283 5696704312
413978 5738108470
72672 9679434350
8337 8059721772
385956215 6653238326
673931 3322067649
949162 5563755498
7347 9851096812
45533 7520137810
135 2752568654
95143 7157823039
52858 4342229293
3134952 4331513250
226851963 4291421941
32725 8317179624
78554708 2481604901
2545303378 9879814129
23 5382388379
530216645 2853747207
7144215 2753633342
64271707 4770129969
18508 5604113351
6 4874638087
5634489761 5783168834
6049 8855972954
7 2795521397
7708474 7497916731
421 7775521500
4 9272992327
64762 2363005950
44644 2610554472
5 1980379517
2694 5320894692
3412399773 8209589658
63 3830581221
418434 2871374957
73491295 9854065428
2 8857191597
1 1677224486
21 6958585877
25737626 8044296087
1992 4013502343
66 2972985104
74346 8904215488
688106324 3464889889
783594796 3343977010
21233067 8743050358
6089780 3424265786
9589840 6221130631
8234303859 8364575707
9 9780214353
375 9690153074
3487675 8757942283
250600 4744646644
676546 8370632738
3556721410 7250805728
2030811 7413656716
8193141 5811351181
336380 5141965549
966 9826941433
22223526 9333512563
621251 9816303481
6079 3463633152
1412976 3368720484
66193 1758787296
4733057609 6613231971
330506 4618315434
746 5113875248
5 5067828823
6127995062 8158316541
96832 8575065637
240 7898082767
61447217 9911721688
15143435 7587320422
3272068898 5323818845
806151 4080605948
3183999460 4308820369
5119558549 5685250827
6140300 9970736085
1 10000000000