30
18813008 32480073
36547166 48517455
7346981 41606381
5327941 5431898
6730182 38053215
13159439 45002424
1845294 16549793
2137035 15743838
29759619 49876265
40526875 42627486
26019264 49078055
5601231 45274144
29848278 31663166
661880 38592656
12967009 16533353
17440302 21648712
33042737 39779536
1497952 7230529
24046740 45092495
23085703 27670447
5712477 42671197
25025341 49975060
15445049 24482903
32404957 49172716
9711380 16651237
25145206 39335476
22403830 41565289
3502247 18663563
1754564 30430839
11678449 38078726