40
14228702 19367639
6362336 27433175
8236025 26192828
22386991 44269599
21065169 33084440
5341533 15396885
10291414 19086532
9440115 35673988
45423322 47436176
34566388 44741184
873607 20268996
20814355 32069248
14467068 17396530
13413982 44754467
15655527 28805879
8809503 45007385
4935810 5961700
31508731 37623371
10062460 12513237
42517203 43723032
6063022 35254565
921973 45647429
24021693 48467321
1884197 11532300
8484959 29029960
20804903 21399334
12047477 26863159
31104498 43715527
17577544 22540657
8720954 46383806
3941342 26693333
28917812 40345256
26039692 28075407
32599060 48025317
37748916 38018053
15275599 39026252
27664961 40620016
24738407 25996368
28016460 33479987
16493744 39146561