50
19922270 45977331
16723570 18319184
6608716 10779275
30694904 36825731
30632018 37916509
13164289 17634331
16221181 21623271
3136392 16694588
17629086 40970379
26505290 48955493
28244303 38943584
21380705 33511126
3129894 49085858
38235308 41363407
14777701 44644749
22574468 45970294
24312530 24660217
5786933 26265143
29933979 46078180
7363959 14360361
12280300 16938494
1868886 18785870
24968092 30081984
21363437 26408237
7258538 43925036
5979545 13948247
30013312 31322488
33928807 46061786
7240602 40810397
4688886 5763459
23475312 39446758
9737930 24403578
27479557 29406774
16098478 35538840
19154411 31196520
15394087 18458208
12619980 49212148
10361914 28863917
37812381 40412482
34110463 45603594
25485641 37905728
30062726 35478733
18157297 35392843
28093747 42008923
1116680 31067174
3011236 9834599
24844980 35871875
14318240 29414357
14469144 34735965
27217930 34715690