100
3031370 20258410
9986678 42355874
16467199 27586480
3762137 29072233
30481396 38903067
1561161 4583913
9000464 48689022
1812485 44824531
24121312 25988215
2390236 34146764
10136625 42476821
43264973 45414768
8184401 38499095
9681556 43129994
15913343 31811893
39246588 48992636
9164535 15761910
8008428 41432274
7778607 47893996
22422599 25667605
17478994 35101405
44559025 46000901
6949590 40190381
14539611 37625386
7783000 35160536
7534837 14424860
1063133 4929237
5040645 31856638
6578876 9220054
173840 9497872
17732162 39295552
9472440 44378529
5689854 18780147
9499783 37519706
35171787 41685777
37368652 45763577
8590947 14882966
40519097 49307374
3004449 41419454
1889138 40137389
20229589 27340314
19507666 31705335
1865638 4272979
356318 19530769
7783254 10296994
27048167 38060124
29476446 44946150
41727561 47745633
3601109 49853885
14386215 38411634
6589679 36398732
32427572 47204171
35508737 46247509
31146053 35077610
7797028 42942010
10503120 12101011
4797581 18219136
13130209 36073863
12782447 49488200
5883228 30417873
17336164 30279018
10779427 19659944
272809 48513607
8284206 43680028
4777204 33555883
25782860 37879394
25848152 38298167
13969006 34666453
6923357 27798378
17341529 40752972
9976447 18283517
26283948 28927503
7420315 27641630
2622383 14255563
13481491 36093005
15669908 21219064
16832464 29899924
32847885 44451000
6480138 49588194
14099503 42366343
35909101 41111160
11188867 25593893
6345164 37674973
730926 6322796
34183152 44346664
25708643 33223915
1984364 21248558
18323191 30288076
21222253 28435499
27178657 31862697
33535073 34615013
29800238 32559798
47540085 47848949
5178747 40525854
2161550 37375094
11514591 14910623
11880921 15468878
26576710 35806738
18582971 32731322
1443242 34919082