100
17923968 20342445
22106870 30786102
31159193 44560908
8899857 25875682
29251706 42858094
27438819 36301045
30215674 31176894
25852420 39986105
6779957 39948909
6073670 20103296
30231042 41851529
27052372 46332523
23588125 34212307
33111842 38632005
3603679 4955430
26323838 43097178
25408245 32264801
18336792 21692890
37223411 48347950
978063 26187259
30114119 40177593
11615049 45162993
37408315 43366865
24075478 27300585
1263844 15877859
4665277 42173308
7885559 10529130
44467684 45414448
5155268 40709733
12318740 25303255
12999574 42554551
8147891 22485002
12260624 27847118
11756746 22237374
24294692 33560442
17096263 27097773
30696424 42542494
36187481 41289150
19281529 29192134
26899926 31962895
18915576 25957137
34003252 39885811
21493013 34663635
15572255 18648201
1962274 11333896
18670135 44487417
3506677 13729619
2328452 37967156
33317395 45570982
3710060 8674758
13205296 35846870
14499664 21379633
38580775 41893358
10908907 36058038
17735607 39102539
5299687 30274468
29083868 30566920
29947443 37470765
30789510 36406548
33386286 40088480
31163156 46853817
23132690 42987397
27692506 38854784
24735384 38945183
45627046 47132234
24450869 34758744
5024930 49296471
32170817 32352994
14438291 30400891
29758943 30117889
12075526 28666014
5406697 19692788
21773286 28160160
25724837 39550116
25700872 36510741
8741630 47932163
14225412 33145399
11242527 15797861
6812997 12665992
24659927 47095545
2122422 11791396
10855664 46089070
572399 42351163
33778369 35244732
5082040 20326747
2866297 34334773
13471726 46094407
8118732 31362411
24464401 48134602
971224 21036098
41554704 46183804
25842010 48919258
2085379 11577227
9795286 12582044
5639062 25594562
1723490 30084049
445908 19696612
11680275 44927086
10543297 20112085
105254 23749343