100
20376059 32874466
31118954 44510539
21581737 35295121
13471298 46610144
12930293 46243477
19693728 27084052
2662231 28701758
5468394 17547464
27546269 39843415
5347703 7188520
25836001 46550573
9204143 47559543
23504133 39246344
2225267 28098040
19062453 42823664
19229183 38638385
9491825 29266779
30608411 35656863
20542614 41014415
22612058 37693123
1201527 5168169
20450541 33318018
44134188 49591805
28896366 42667394
25636558 39674600
46531967 49251632
34278899 38601447
10557428 40015373
15592366 32802334
22440546 32838668
3487724 11980236
28121342 45237403
1977177 4888932
1451562 15319328
310308 49943854
19490578 30134722
10545156 35116117
13951564 38585131
15792361 44301206
95129 44998939
14397325 29396512
8037069 43412607
18789375 30394109
30148818 36785362
32755198 49633882
36828734 46051793
13622040 20739736
23946641 43658309
5707180 14864362
17899987 40332701
23424651 48053017
4947375 30411320
48803049 49648427
9731614 28022832
11207768 37063480
24224855 38550392
9804924 15002763
9036067 16171066
167346 16985794
12260769 43567110
13026623 37654337
5025059 5870585
4287574 31377148
5144444 22216115
11965323 26590599
36563106 37845827
709094 30688881
41930881 49954812
29288634 48087715
4222638 16870397
37148382 49089059
8515255 46552526
6456098 29929219
4462548 48661396
8575542 37181106
4253927 30837065
22176050 24443589
16449326 36964769
6442870 6890570
1300503 49590443
10566761 16594668
21558963 35463643
14221639 28263293
19553525 43754057
19879461 44784185
301578 11729791
9354452 42731883
27237912 36578099
4754719 37524055
19621176 29082345
41314591 45265827
5265260 5463042
5916579 36061997
21404520 33654984
8036608 49875808
6656690 27303779
884435 16878444
13036231 32770507
1668087 40220460
13175054 47186264