100
21502128 31363326
13742568 24491495
13482256 28665786
35854855 39865805
14287019 39700219
21326710 42123138
4038963 8018278
7668935 19627520
6698063 47469258
37125289 37155161
14762186 26125134
2644766 26082948
12100421 42571210
25233791 47207072
17853220 25618489
13687528 20375417
16076727 16891483
12769588 19969783
1155033 2751401
961890 45623214
38281317 39446138
5547533 18628816
20320485 46261215
22781643 31360849
22861952 42613067
13772514 14447055
35859983 40394402
41957601 45527141
14129938 22620678
4474711 46586459
19742631 36482507
988424 1006480
9075977 30420897
3859141 21326016
24012584 24125369
3311130 8130690
45379560 47329016
22822874 41709612
8004177 13839821
41444765 46170607
24790800 25311632
15080412 43620565
15672000 39354488
33383727 34983503
21632750 32754344
11171035 38720037
6836832 26064994
38393684 42048460
16925036 33512709
12941687 28351233
3184412 22063926
18648032 29793792
41412758 45766827
41392490 46877535
16266985 25045886
8244787 15439982
2410739 21345829
6310154 26051437
32241191 46383021
16519569 32271891
16449296 44569875
32063126 39973736
26318745 29485595
14109602 26726925
2843190 34344237
9006400 17684814
6292118 26974850
1845997 18917448
506949 15769848
20399532 40112715
5398709 13758651
11261386 49933604
1853668 14313033
28499455 29052806
8380157 27654988
141347 28118576
30580131 46235012
12266093 26415953
11061110 20465322
31937654 44337551
19192910 40766959
15958292 48215142
1915291 13293771
3103135 7574502
26753123 31559299
38526016 46022544
7767212 36523891
5639267 23885412
17127549 40550906
14824384 31649273
43166741 46905073
12098041 33231546
23869307 44047087
27595101 49342995
15707222 31075550
7985284 43065634
37032800 37172164
19234228 40682756
37756376 44283140
44203863 47612784