100
20460094 47767064
4434731 24261535
10872477 25154450
18609018 43413593
14368967 45013787
4433612 49938958
37666456 49916968
10192685 32024682
22502060 41506963
24901580 27274609
13590222 28265477
40841747 48110740
2133715 19217345
15563535 31175716
8104540 14615450
13333725 25715635
32592091 38913114
10029282 49341325
20996568 22975572
438869 41457783
8794068 17803294
32480110 37506565
30050530 49827025
32342593 40948586
19117402 20391923
33686791 39492049
39878792 45423873
931231 2626419
11775660 16685111
7968083 22745061
29708099 34286272
25860229 29313146
11459702 13560501
28056919 28204955
36550406 44701326
13985271 49218189
12775645 32650633
7103595 33083260
29553088 32073886
25072696 36857666
13014148 28082499
28415214 45710524
1587372 47614143
35902794 45364755
36308453 43812902
4995439 28450702
35135918 39523205
20186236 48241128
10581459 35423466
5631127 12188530
231215 29826561
43899436 47706813
1875087 45294276
35451170 35562911
18629994 33224009
9240202 16505069
27350547 36607564
10432969 32988300
34992857 37085694
46466021 46535523
13910761 14655637
8497805 38078555
10556047 42869549
5393445 33683447
21461982 26552839
23134581 46821711
4137200 17435857
18156623 39617422
249815 34727628
6235314 16640052
8354302 42881068
25675275 49280540
24060875 27195943
23955949 27565002
18278570 40115195
13099320 44292846
19568998 30205417
19914745 30724500
9292082 19968368
31884027 34296545
30291636 31246997
6459166 20725414
18897829 19974175
4067331 21209630
30614837 30927780
8927708 33888526
36841926 49061267
2133672 5068568
7223158 7996867
22939786 38729703
769105 5399735
1307032 19306149
10461873 49790275
38271523 40944357
11514120 40611629
14996325 21830116
5112169 5443431
1120883 36393415
1 50000000
12372436 35481155